Longitude_Meshgrid
 48.96 49 49.04 49.08 49.12 49.16 49.2 49.24 49.28 49.32 49.36 49.4 49.44 49.48 49.52 49.56 49.6 49.64 49.68 49.72 49.76 49.8 49.84 49.88 49.92 49.96 50 50.04 50.08 50.12 50.16 50.2 50.24 50.28 50.32 50.36 50.4 50.44 50.48 50.52 50.56 50.6 50.64 50.68 50.72 50.76 50.8 50.84 50.88 50.92 50.96 51 51.04 51.08 51.12 51.16 51.2 51.24 51.28 51.32 51.36 51.4 51.44 51.48 51.52 51.56 51.6 51.64 51.68 51.72 51.76 51.8 51.84 51.88 51.92 51.96 52 52.04 52.08 52.12 52.16 52.2 52.24 52.28 52.32 52.36 52.4 52.44 52.48 52.52 52.56 52.6 52.64 52.68 52.72 52.76 52.8 52.84 52.88 52.92 52.96
 48.96 49 49.04 49.08 49.12 49.16 49.2 49.24 49.28 49.32 49.36 49.4 49.44 49.48 49.52 49.56 49.6 49.64 49.68 49.72 49.76 49.8 49.84 49.88 49.92 49.96 50 50.04 50.08 50.12 50.16 50.2 50.24 50.28 50.32 50.36 50.4 50.44 50.48 50.52 50.56 50.6 50.64 50.68 50.72 50.76 50.8 50.84 50.88 50.92 50.96 51 51.04 51.08 51.12 51.16 51.2 51.24 51.28 51.32 51.36 51.4 51.44 51.48 51.52 51.56 51.6 51.64 51.68 51.72 51.76 51.8 51.84 51.88 51.92 51.96 52 52.04 52.08 52.12 52.16 52.2 52.24 52.28 52.32 52.36 52.4 52.44 52.48 52.52 52.56 52.6 52.64 52.68 52.72 52.76 52.8 52.84 52.88 52.92 52.96
 48.96 49 49.04 49.08 49.12 49.16 49.2 49.24 49.28 49.32 49.36 49.4 49.44 49.48 49.52 49.56 49.6 49.64 49.68 49.72 49.76 49.8 49.84 49.88 49.92 49.96 50 50.04 50.08 50.12 50.16 50.2 50.24 50.28 50.32 50.36 50.4 50.44 50.48 50.52 50.56 50.6 50.64 50.68 50.72 50.76 50.8 50.84 50.88 50.92 50.96 51 51.04 51.08 51.12 51.16 51.2 51.24 51.28 51.32 51.36 51.4 51.44 51.48 51.52 51.56 51.6 51.64 51.68 51.72 51.76 51.8 51.84 51.88 51.92 51.96 52 52.04 52.08 52.12 52.16 52.2 52.24 52.28 52.32 52.36 52.4 52.44 52.48 52.52 52.56 52.6 52.64 52.68 52.72 52.76 52.8 52.84 52.88 52.92 52.96
 48.96 49 49.04 49.08 49.12 49.16 49.2 49.24 49.28 49.32 49.36 49.4 49.44 49.48 49.52 49.56 49.6 49.64 49.68 49.72 49.76 49.8 49.84 49.88 49.92 49.96 50 50.04 50.08 50.12 50.16 50.2 50.24 50.28 50.32 50.36 50.4 50.44 50.48 50.52 50.56 50.6 50.64 50.68 50.72 50.76 50.8 50.84 50.88 50.92 50.96 51 51.04 51.08 51.12 51.16 51.2 51.24 51.28 51.32 51.36 51.4 51.44 51.48 51.52 51.56 51.6 51.64 51.68 51.72 51.76 51.8 51.84 51.88 51.92 51.96 52 52.04 52.08 52.12 52.16 52.2 52.24 52.28 52.32 52.36 52.4 52.44 52.48 52.52 52.56 52.6 52.64 52.68 52.72 52.76 52.8 52.84 52.88 52.92 52.96
 48.96 49 49.04 49.08 49.12 49.16 49.2 49.24 49.28 49.32 49.36 49.4 49.44 49.48 49.52 49.56 49.6 49.64 49.68 49.72 49.76 49.8 49.84 49.88 49.92 49.96 50 50.04 50.08 50.12 50.16 50.2 50.24 50.28 50.32 50.36 50.4 50.44 50.48 50.52 50.56 50.6 50.64 50.68 50.72 50.76 50.8 50.84 50.88 50.92 50.96 51 51.04 51.08 51.12 51.16 51.2 51.24 51.28 51.32 51.36 51.4 51.44 51.48 51.52 51.56 51.6 51.64 51.68 51.72 51.76 51.8 51.84 51.88 51.92 51.96 52 52.04 52.08 52.12 52.16 52.2 52.24 52.28 52.32 52.36 52.4 52.44 52.48 52.52 52.56 52.6 52.64 52.68 52.72 52.76 52.8 52.84 52.88 52.92 52.96
 48.96 49 49.04 49.08 49.12 49.16 49.2 49.24 49.28 49.32 49.36 49.4 49.44 49.48 49.52 49.56 49.6 49.64 49.68 49.72 49.76 49.8 49.84 49.88 49.92 49.96 50 50.04 50.08 50.12 50.16 50.2 50.24 50.28 50.32 50.36 50.4 50.44 50.48 50.52 50.56 50.6 50.64 50.68 50.72 50.76 50.8 50.84 50.88 50.92 50.96 51 51.04 51.08 51.12 51.16 51.2 51.24 51.28 51.32 51.36 51.4 51.44 51.48 51.52 51.56 51.6 51.64 51.68 51.72 51.76 51.8 51.84 51.88 51.92 51.96 52 52.04 52.08 52.12 52.16 52.2 52.24 52.28 52.32 52.36 52.4 52.44 52.48 52.52 52.56 52.6 52.64 52.68 52.72 52.76 52.8 52.84 52.88 52.92 52.96
 48.96 49 49.04 49.08 49.12 49.16 49.2 49.24 49.28 49.32 49.36 49.4 49.44 49.48 49.52 49.56 49.6 49.64 49.68 49.72 49.76 49.8 49.84 49.88 49.92 49.96 50 50.04 50.08 50.12 50.16 50.2 50.24 50.28 50.32 50.36 50.4 50.44 50.48 50.52 50.56 50.6 50.64 50.68 50.72 50.76 50.8 50.84 50.88 50.92 50.96 51 51.04 51.08 51.12 51.16 51.2 51.24 51.28 51.32 51.36 51.4 51.44 51.48 51.52 51.56 51.6 51.64 51.68 51.72 51.76 51.8 51.84 51.88 51.92 51.96 52 52.04 52.08 52.12 52.16 52.2 52.24 52.28 52.32 52.36 52.4 52.44 52.48 52.52 52.56 52.6 52.64 52.68 52.72 52.76 52.8 52.84 52.88 52.92 52.96
 48.96 49 49.04 49.08 49.12 49.16 49.2 49.24 49.28 49.32 49.36 49.4 49.44 49.48 49.52 49.56 49.6 49.64 49.68 49.72 49.76 49.8 49.84 49.88 49.92 49.96 50 50.04 50.08 50.12 50.16 50.2 50.24 50.28 50.32 50.36 50.4 50.44 50.48 50.52 50.56 50.6 50.64 50.68 50.72 50.76 50.8 50.84 50.88 50.92 50.96 51 51.04 51.08 51.12 51.16 51.2 51.24 51.28 51.32 51.36 51.4 51.44 51.48 51.52 51.56 51.6 51.64 51.68 51.72 51.76 51.8 51.84 51.88 51.92 51.96 52 52.04 52.08 52.12 52.16 52.2 52.24 52.28 52.32 52.36 52.4 52.44 52.48 52.52 52.56 52.6 52.64 52.68 52.72 52.76 52.8 52.84 52.88 52.92 52.96
 48.96 49 49.04 49.08 49.12 49.16 49.2 49.24 49.28 49.32 49.36 49.4 49.44 49.48 49.52 49.56 49.6 49.64 49.68 49.72 49.76 49.8 49.84 49.88 49.92 49.96 50 50.04 50.08 50.12 50.16 50.2 50.24 50.28 50.32 50.36 50.4 50.44 50.48 50.52 50.56 50.6 50.64 50.68 50.72 50.76 50.8 50.84 50.88 50.92 50.96 51 51.04 51.08 51.12 51.16 51.2 51.24 51.28 51.32 51.36 51.4 51.44 51.48 51.52 51.56 51.6 51.64 51.68 51.72 51.76 51.8 51.84 51.88 51.92 51.96 52 52.04 52.08 52.12 52.16 52.2 52.24 52.28 52.32 52.36 52.4 52.44 52.48 52.52 52.56 52.6 52.64 52.68 52.72 52.76 52.8 52.84 52.88 52.92 52.96
 48.96 49 49.04 49.08 49.12 49.16 49.2 49.24 49.28 49.32 49.36 49.4 49.44 49.48 49.52 49.56 49.6 49.64 49.68 49.72 49.76 49.8 49.84 49.88 49.92 49.96 50 50.04 50.08 50.12 50.16 50.2 50.24 50.28 50.32 50.36 50.4 50.44 50.48 50.52 50.56 50.6 50.64 50.68 50.72 50.76 50.8 50.84 50.88 50.92 50.96 51 51.04 51.08 51.12 51.16 51.2 51.24 51.28 51.32 51.36 51.4 51.44 51.48 51.52 51.56 51.6 51.64 51.68 51.72 51.76 51.8 51.84 51.88 51.92 51.96 52 52.04 52.08 52.12 52.16 52.2 52.24 52.28 52.32 52.36 52.4 52.44 52.48 52.52 52.56 52.6 52.64 52.68 52.72 52.76 52.8 52.84 52.88 52.92 52.96
 48.96 49 49.04 49.08 49.12 49.16 49.2 49.24 49.28 49.32 49.36 49.4 49.44 49.48 49.52 49.56 49.6 49.64 49.68 49.72 49.76 49.8 49.84 49.88 49.92 49.96 50 50.04 50.08 50.12 50.16 50.2 50.24 50.28 50.32 50.36 50.4 50.44 50.48 50.52 50.56 50.6 50.64 50.68 50.72 50.76 50.8 50.84 50.88 50.92 50.96 51 51.04 51.08 51.12 51.16 51.2 51.24 51.28 51.32 51.36 51.4 51.44 51.48 51.52 51.56 51.6 51.64 51.68 51.72 51.76 51.8 51.84 51.88 51.92 51.96 52 52.04 52.08 52.12 52.16 52.2 52.24 52.28 52.32 52.36 52.4 52.44 52.48 52.52 52.56 52.6 52.64 52.68 52.72 52.76 52.8 52.84 52.88 52.92 52.96
 48.96 49 49.04 49.08 49.12 49.16 49.2 49.24 49.28 49.32 49.36 49.4 49.44 49.48 49.52 49.56 49.6 49.64 49.68 49.72 49.76 49.8 49.84 49.88 49.92 49.96 50 50.04 50.08 50.12 50.16 50.2 50.24 50.28 50.32 50.36 50.4 50.44 50.48 50.52 50.56 50.6 50.64 50.68 50.72 50.76 50.8 50.84 50.88 50.92 50.96 51 51.04 51.08 51.12 51.16 51.2 51.24 51.28 51.32 51.36 51.4 51.44 51.48 51.52 51.56 51.6 51.64 51.68 51.72 51.76 51.8 51.84 51.88 51.92 51.96 52 52.04 52.08 52.12 52.16 52.2 52.24 52.28 52.32 52.36 52.4 52.44 52.48 52.52 52.56 52.6 52.64 52.68 52.72 52.76 52.8 52.84 52.88 52.92 52.96
 48.96 49 49.04 49.08 49.12 49.16 49.2 49.24 49.28 49.32 49.36 49.4 49.44 49.48 49.52 49.56 49.6 49.64 49.68 49.72 49.76 49.8 49.84 49.88 49.92 49.96 50 50.04 50.08 50.12 50.16 50.2 50.24 50.28 50.32 50.36 50.4 50.44 50.48 50.52 50.56 50.6 50.64 50.68 50.72 50.76 50.8 50.84 50.88 50.92 50.96 51 51.04 51.08 51.12 51.16 51.2 51.24 51.28 51.32 51.36 51.4 51.44 51.48 51.52 51.56 51.6 51.64 51.68 51.72 51.76 51.8 51.84 51.88 51.92 51.96 52 52.04 52.08 52.12 52.16 52.2 52.24 52.28 52.32 52.36 52.4 52.44 52.48 52.52 52.56 52.6 52.64 52.68 52.72 52.76 52.8 52.84 52.88 52.92 52.96
 48.96 49 49.04 49.08 49.12 49.16 49.2 49.24 49.28 49.32 49.36 49.4 49.44 49.48 49.52 49.56 49.6 49.64 49.68 49.72 49.76 49.8 49.84 49.88 49.92 49.96 50 50.04 50.08 50.12 50.16 50.2 50.24 50.28 50.32 50.36 50.4 50.44 50.48 50.52 50.56 50.6 50.64 50.68 50.72 50.76 50.8 50.84 50.88 50.92 50.96 51 51.04 51.08 51.12 51.16 51.2 51.24 51.28 51.32 51.36 51.4 51.44 51.48 51.52 51.56 51.6 51.64 51.68 51.72 51.76 51.8 51.84 51.88 51.92 51.96 52 52.04 52.08 52.12 52.16 52.2 52.24 52.28 52.32 52.36 52.4 52.44 52.48 52.52 52.56 52.6 52.64 52.68 52.72 52.76 52.8 52.84 52.88 52.92 52.96
 48.96 49 49.04 49.08 49.12 49.16 49.2 49.24 49.28 49.32 49.36 49.4 49.44 49.48 49.52 49.56 49.6 49.64 49.68 49.72 49.76 49.8 49.84 49.88 49.92 49.96 50 50.04 50.08 50.12 50.16 50.2 50.24 50.28 50.32 50.36 50.4 50.44 50.48 50.52 50.56 50.6 50.64 50.68 50.72 50.76 50.8 50.84 50.88 50.92 50.96 51 51.04 51.08 51.12 51.16 51.2 51.24 51.28 51.32 51.36 51.4 51.44 51.48 51.52 51.56 51.6 51.64 51.68 51.72 51.76 51.8 51.84 51.88 51.92 51.96 52 52.04 52.08 52.12 52.16 52.2 52.24 52.28 52.32 52.36 52.4 52.44 52.48 52.52 52.56 52.6 52.64 52.68 52.72 52.76 52.8 52.84 52.88 52.92 52.96
 48.96 49 49.04 49.08 49.12 49.16 49.2 49.24 49.28 49.32 49.36 49.4 49.44 49.48 49.52 49.56 49.6 49.64 49.68 49.72 49.76 49.8 49.84 49.88 49.92 49.96 50 50.04 50.08 50.12 50.16 50.2 50.24 50.28 50.32 50.36 50.4 50.44 50.48 50.52 50.56 50.6 50.64 50.68 50.72 50.76 50.8 50.84 50.88 50.92 50.96 51 51.04 51.08 51.12 51.16 51.2 51.24 51.28 51.32 51.36 51.4 51.44 51.48 51.52 51.56 51.6 51.64 51.68 51.72 51.76 51.8 51.84 51.88 51.92 51.96 52 52.04 52.08 52.12 52.16 52.2 52.24 52.28 52.32 52.36 52.4 52.44 52.48 52.52 52.56 52.6 52.64 52.68 52.72 52.76 52.8 52.84 52.88 52.92 52.96
 48.96 49 49.04 49.08 49.12 49.16 49.2 49.24 49.28 49.32 49.36 49.4 49.44 49.48 49.52 49.56 49.6 49.64 49.68 49.72 49.76 49.8 49.84 49.88 49.92 49.96 50 50.04 50.08 50.12 50.16 50.2 50.24 50.28 50.32 50.36 50.4 50.44 50.48 50.52 50.56 50.6 50.64 50.68 50.72 50.76 50.8 50.84 50.88 50.92 50.96 51 51.04 51.08 51.12 51.16 51.2 51.24 51.28 51.32 51.36 51.4 51.44 51.48 51.52 51.56 51.6 51.64 51.68 51.72 51.76 51.8 51.84 51.88 51.92 51.96 52 52.04 52.08 52.12 52.16 52.2 52.24 52.28 52.32 52.36 52.4 52.44 52.48 52.52 52.56 52.6 52.64 52.68 52.72 52.76 52.8 52.84 52.88 52.92 52.96
 48.96 49 49.04 49.08 49.12 49.16 49.2 49.24 49.28 49.32 49.36 49.4 49.44 49.48 49.52 49.56 49.6 49.64 49.68 49.72 49.76 49.8 49.84 49.88 49.92 49.96 50 50.04 50.08 50.12 50.16 50.2 50.24 50.28 50.32 50.36 50.4 50.44 50.48 50.52 50.56 50.6 50.64 50.68 50.72 50.76 50.8 50.84 50.88 50.92 50.96 51 51.04 51.08 51.12 51.16 51.2 51.24 51.28 51.32 51.36 51.4 51.44 51.48 51.52 51.56 51.6 51.64 51.68 51.72 51.76 51.8 51.84 51.88 51.92 51.96 52 52.04 52.08 52.12 52.16 52.2 52.24 52.28 52.32 52.36 52.4 52.44 52.48 52.52 52.56 52.6 52.64 52.68 52.72 52.76 52.8 52.84 52.88 52.92 52.96
 48.96 49 49.04 49.08 49.12 49.16 49.2 49.24 49.28 49.32 49.36 49.4 49.44 49.48 49.52 49.56 49.6 49.64 49.68 49.72 49.76 49.8 49.84 49.88 49.92 49.96 50 50.04 50.08 50.12 50.16 50.2 50.24 50.28 50.32 50.36 50.4 50.44 50.48 50.52 50.56 50.6 50.64 50.68 50.72 50.76 50.8 50.84 50.88 50.92 50.96 51 51.04 51.08 51.12 51.16 51.2 51.24 51.28 51.32 51.36 51.4 51.44 51.48 51.52 51.56 51.6 51.64 51.68 51.72 51.76 51.8 51.84 51.88 51.92 51.96 52 52.04 52.08 52.12 52.16 52.2 52.24 52.28 52.32 52.36 52.4 52.44 52.48 52.52 52.56 52.6 52.64 52.68 52.72 52.76 52.8 52.84 52.88 52.92 52.96
 48.96 49 49.04 49.08 49.12 49.16 49.2 49.24 49.28 49.32 49.36 49.4 49.44 49.48 49.52 49.56 49.6 49.64 49.68 49.72 49.76 49.8 49.84 49.88 49.92 49.96 50 50.04 50.08 50.12 50.16 50.2 50.24 50.28 50.32 50.36 50.4 50.44 50.48 50.52 50.56 50.6 50.64 50.68 50.72 50.76 50.8 50.84 50.88 50.92 50.96 51 51.04 51.08 51.12 51.16 51.2 51.24 51.28 51.32 51.36 51.4 51.44 51.48 51.52 51.56 51.6 51.64 51.68 51.72 51.76 51.8 51.84 51.88 51.92 51.96 52 52.04 52.08 52.12 52.16 52.2 52.24 52.28 52.32 52.36 52.4 52.44 52.48 52.52 52.56 52.6 52.64 52.68 52.72 52.76 52.8 52.84 52.88 52.92 52.96
 48.96 49 49.04 49.08 49.12 49.16 49.2 49.24 49.28 49.32 49.36 49.4 49.44 49.48 49.52 49.56 49.6 49.64 49.68 49.72 49.76 49.8 49.84 49.88 49.92 49.96 50 50.04 50.08 50.12 50.16 50.2 50.24 50.28 50.32 50.36 50.4 50.44 50.48 50.52 50.56 50.6 50.64 50.68 50.72 50.76 50.8 50.84 50.88 50.92 50.96 51 51.04 51.08 51.12 51.16 51.2 51.24 51.28 51.32 51.36 51.4 51.44 51.48 51.52 51.56 51.6 51.64 51.68 51.72 51.76 51.8 51.84 51.88 51.92 51.96 52 52.04 52.08 52.12 52.16 52.2 52.24 52.28 52.32 52.36 52.4 52.44 52.48 52.52 52.56 52.6 52.64 52.68 52.72 52.76 52.8 52.84 52.88 52.92 52.96
 48.96 49 49.04 49.08 49.12 49.16 49.2 49.24 49.28 49.32 49.36 49.4 49.44 49.48 49.52 49.56 49.6 49.64 49.68 49.72 49.76 49.8 49.84 49.88 49.92 49.96 50 50.04 50.08 50.12 50.16 50.2 50.24 50.28 50.32 50.36 50.4 50.44 50.48 50.52 50.56 50.6 50.64 50.68 50.72 50.76 50.8 50.84 50.88 50.92 50.96 51 51.04 51.08 51.12 51.16 51.2 51.24 51.28 51.32 51.36 51.4 51.44 51.48 51.52 51.56 51.6 51.64 51.68 51.72 51.76 51.8 51.84 51.88 51.92 51.96 52 52.04 52.08 52.12 52.16 52.2 52.24 52.28 52.32 52.36 52.4 52.44 52.48 52.52 52.56 52.6 52.64 52.68 52.72 52.76 52.8 52.84 52.88 52.92 52.96
 48.96 49 49.04 49.08 49.12 49.16 49.2 49.24 49.28 49.32 49.36 49.4 49.44 49.48 49.52 49.56 49.6 49.64 49.68 49.72 49.76 49.8 49.84 49.88 49.92 49.96 50 50.04 50.08 50.12 50.16 50.2 50.24 50.28 50.32 50.36 50.4 50.44 50.48 50.52 50.56 50.6 50.64 50.68 50.72 50.76 50.8 50.84 50.88 50.92 50.96 51 51.04 51.08 51.12 51.16 51.2 51.24 51.28 51.32 51.36 51.4 51.44 51.48 51.52 51.56 51.6 51.64 51.68 51.72 51.76 51.8 51.84 51.88 51.92 51.96 52 52.04 52.08 52.12 52.16 52.2 52.24 52.28 52.32 52.36 52.4 52.44 52.48 52.52 52.56 52.6 52.64 52.68 52.72 52.76 52.8 52.84 52.88 52.92 52.96
 48.96 49 49.04 49.08 49.12 49.16 49.2 49.24 49.28 49.32 49.36 49.4 49.44 49.48 49.52 49.56 49.6 49.64 49.68 49.72 49.76 49.8 49.84 49.88 49.92 49.96 50 50.04 50.08 50.12 50.16 50.2 50.24 50.28 50.32 50.36 50.4 50.44 50.48 50.52 50.56 50.6 50.64 50.68 50.72 50.76 50.8 50.84 50.88 50.92 50.96 51 51.04 51.08 51.12 51.16 51.2 51.24 51.28 51.32 51.36 51.4 51.44 51.48 51.52 51.56 51.6 51.64 51.68 51.72 51.76 51.8 51.84 51.88 51.92 51.96 52 52.04 52.08 52.12 52.16 52.2 52.24 52.28 52.32 52.36 52.4 52.44 52.48 52.52 52.56 52.6 52.64 52.68 52.72 52.76 52.8 52.84 52.88 52.92 52.96
 48.96 49 49.04 49.08 49.12 49.16 49.2 49.24 49.28 49.32 49.36 49.4 49.44 49.48 49.52 49.56 49.6 49.64 49.68 49.72 49.76 49.8 49.84 49.88 49.92 49.96 50 50.04 50.08 50.12 50.16 50.2 50.24 50.28 50.32 50.36 50.4 50.44 50.48 50.52 50.56 50.6 50.64 50.68 50.72 50.76 50.8 50.84 50.88 50.92 50.96 51 51.04 51.08 51.12 51.16 51.2 51.24 51.28 51.32 51.36 51.4 51.44 51.48 51.52 51.56 51.6 51.64 51.68 51.72 51.76 51.8 51.84 51.88 51.92 51.96 52 52.04 52.08 52.12 52.16 52.2 52.24 52.28 52.32 52.36 52.4 52.44 52.48 52.52 52.56 52.6 52.64 52.68 52.72 52.76 52.8 52.84 52.88 52.92 52.96
 48.96 49 49.04 49.08 49.12 49.16 49.2 49.24 49.28 49.32 49.36 49.4 49.44 49.48 49.52 49.56 49.6 49.64 49.68 49.72 49.76 49.8 49.84 49.88 49.92 49.96 50 50.04 50.08 50.12 50.16 50.2 50.24 50.28 50.32 50.36 50.4 50.44 50.48 50.52 50.56 50.6 50.64 50.68 50.72 50.76 50.8 50.84 50.88 50.92 50.96 51 51.04 51.08 51.12 51.16 51.2 51.24 51.28 51.32 51.36 51.4 51.44 51.48 51.52 51.56 51.6 51.64 51.68 51.72 51.76 51.8 51.84 51.88 51.92 51.96 52 52.04 52.08 52.12 52.16 52.2 52.24 52.28 52.32 52.36 52.4 52.44 52.48 52.52 52.56 52.6 52.64 52.68 52.72 52.76 52.8 52.84 52.88 52.92 52.96
 48.96 49 49.04 49.08 49.12 49.16 49.2 49.24 49.28 49.32 49.36 49.4 49.44 49.48 49.52 49.56 49.6 49.64 49.68 49.72 49.76 49.8 49.84 49.88 49.92 49.96 50 50.04 50.08 50.12 50.16 50.2 50.24 50.28 50.32 50.36 50.4 50.44 50.48 50.52 50.56 50.6 50.64 50.68 50.72 50.76 50.8 50.84 50.88 50.92 50.96 51 51.04 51.08 51.12 51.16 51.2 51.24 51.28 51.32 51.36 51.4 51.44 51.48 51.52 51.56 51.6 51.64 51.68 51.72 51.76 51.8 51.84 51.88 51.92 51.96 52 52.04 52.08 52.12 52.16 52.2 52.24 52.28 52.32 52.36 52.4 52.44 52.48 52.52 52.56 52.6 52.64 52.68 52.72 52.76 52.8 52.84 52.88 52.92 52.96
 48.96 49 49.04 49.08 49.12 49.16 49.2 49.24 49.28 49.32 49.36 49.4 49.44 49.48 49.52 49.56 49.6 49.64 49.68 49.72 49.76 49.8 49.84 49.88 49.92 49.96 50 50.04 50.08 50.12 50.16 50.2 50.24 50.28 50.32 50.36 50.4 50.44 50.48 50.52 50.56 50.6 50.64 50.68 50.72 50.76 50.8 50.84 50.88 50.92 50.96 51 51.04 51.08 51.12 51.16 51.2 51.24 51.28 51.32 51.36 51.4 51.44 51.48 51.52 51.56 51.6 51.64 51.68 51.72 51.76 51.8 51.84 51.88 51.92 51.96 52 52.04 52.08 52.12 52.16 52.2 52.24 52.28 52.32 52.36 52.4 52.44 52.48 52.52 52.56 52.6 52.64 52.68 52.72 52.76 52.8 52.84 52.88 52.92 52.96
 48.96 49 49.04 49.08 49.12 49.16 49.2 49.24 49.28 49.32 49.36 49.4 49.44 49.48 49.52 49.56 49.6 49.64 49.68 49.72 49.76 49.8 49.84 49.88 49.92 49.96 50 50.04 50.08 50.12 50.16 50.2 50.24 50.28 50.32 50.36 50.4 50.44 50.48 50.52 50.56 50.6 50.64 50.68 50.72 50.76 50.8 50.84 50.88 50.92 50.96 51 51.04 51.08 51.12 51.16 51.2 51.24 51.28 51.32 51.36 51.4 51.44 51.48 51.52 51.56 51.6 51.64 51.68 51.72 51.76 51.8 51.84 51.88 51.92 51.96 52 52.04 52.08 52.12 52.16 52.2 52.24 52.28 52.32 52.36 52.4 52.44 52.48 52.52 52.56 52.6 52.64 52.68 52.72 52.76 52.8 52.84 52.88 52.92 52.96
 48.96 49 49.04 49.08 49.12 49.16 49.2 49.24 49.28 49.32 49.36 49.4 49.44 49.48 49.52 49.56 49.6 49.64 49.68 49.72 49.76 49.8 49.84 49.88 49.92 49.96 50 50.04 50.08 50.12 50.16 50.2 50.24 50.28 50.32 50.36 50.4 50.44 50.48 50.52 50.56 50.6 50.64 50.68 50.72 50.76 50.8 50.84 50.88 50.92 50.96 51 51.04 51.08 51.12 51.16 51.2 51.24 51.28 51.32 51.36 51.4 51.44 51.48 51.52 51.56 51.6 51.64 51.68 51.72 51.76 51.8 51.84 51.88 51.92 51.96 52 52.04 52.08 52.12 52.16 52.2 52.24 52.28 52.32 52.36 52.4 52.44 52.48 52.52 52.56 52.6 52.64 52.68 52.72 52.76 52.8 52.84 52.88 52.92 52.96
 48.96 49 49.04 49.08 49.12 49.16 49.2 49.24 49.28 49.32 49.36 49.4 49.44 49.48 49.52 49.56 49.6 49.64 49.68 49.72 49.76 49.8 49.84 49.88 49.92 49.96 50 50.04 50.08 50.12 50.16 50.2 50.24 50.28 50.32 50.36 50.4 50.44 50.48 50.52 50.56 50.6 50.64 50.68 50.72 50.76 50.8 50.84 50.88 50.92 50.96 51 51.04 51.08 51.12 51.16 51.2 51.24 51.28 51.32 51.36 51.4 51.44 51.48 51.52 51.56 51.6 51.64 51.68 51.72 51.76 51.8 51.84 51.88 51.92 51.96 52 52.04 52.08 52.12 52.16 52.2 52.24 52.28 52.32 52.36 52.4 52.44 52.48 52.52 52.56 52.6 52.64 52.68 52.72 52.76 52.8 52.84 52.88 52.92 52.96
 48.96 49 49.04 49.08 49.12 49.16 49.2 49.24 49.28 49.32 49.36 49.4 49.44 49.48 49.52 49.56 49.6 49.64 49.68 49.72 49.76 49.8 49.84 49.88 49.92 49.96 50 50.04 50.08 50.12 50.16 50.2 50.24 50.28 50.32 50.36 50.4 50.44 50.48 50.52 50.56 50.6 50.64 50.68 50.72 50.76 50.8 50.84 50.88 50.92 50.96 51 51.04 51.08 51.12 51.16 51.2 51.24 51.28 51.32 51.36 51.4 51.44 51.48 51.52 51.56 51.6 51.64 51.68 51.72 51.76 51.8 51.84 51.88 51.92 51.96 52 52.04 52.08 52.12 52.16 52.2 52.24 52.28 52.32 52.36 52.4 52.44 52.48 52.52 52.56 52.6 52.64 52.68 52.72 52.76 52.8 52.84 52.88 52.92 52.96
 48.96 49 49.04 49.08 49.12 49.16 49.2 49.24 49.28 49.32 49.36 49.4 49.44 49.48 49.52 49.56 49.6 49.64 49.68 49.72 49.76 49.8 49.84 49.88 49.92 49.96 50 50.04 50.08 50.12 50.16 50.2 50.24 50.28 50.32 50.36 50.4 50.44 50.48 50.52 50.56 50.6 50.64 50.68 50.72 50.76 50.8 50.84 50.88 50.92 50.96 51 51.04 51.08 51.12 51.16 51.2 51.24 51.28 51.32 51.36 51.4 51.44 51.48 51.52 51.56 51.6 51.64 51.68 51.72 51.76 51.8 51.84 51.88 51.92 51.96 52 52.04 52.08 52.12 52.16 52.2 52.24 52.28 52.32 52.36 52.4 52.44 52.48 52.52 52.56 52.6 52.64 52.68 52.72 52.76 52.8 52.84 52.88 52.92 52.96
 48.96 49 49.04 49.08 49.12 49.16 49.2 49.24 49.28 49.32 49.36 49.4 49.44 49.48 49.52 49.56 49.6 49.64 49.68 49.72 49.76 49.8 49.84 49.88 49.92 49.96 50 50.04 50.08 50.12 50.16 50.2 50.24 50.28 50.32 50.36 50.4 50.44 50.48 50.52 50.56 50.6 50.64 50.68 50.72 50.76 50.8 50.84 50.88 50.92 50.96 51 51.04 51.08 51.12 51.16 51.2 51.24 51.28 51.32 51.36 51.4 51.44 51.48 51.52 51.56 51.6 51.64 51.68 51.72 51.76 51.8 51.84 51.88 51.92 51.96 52 52.04 52.08 52.12 52.16 52.2 52.24 52.28 52.32 52.36 52.4 52.44 52.48 52.52 52.56 52.6 52.64 52.68 52.72 52.76 52.8 52.84 52.88 52.92 52.96
 48.96 49 49.04 49.08 49.12 49.16 49.2 49.24 49.28 49.32 49.36 49.4 49.44 49.48 49.52 49.56 49.6 49.64 49.68 49.72 49.76 49.8 49.84 49.88 49.92 49.96 50 50.04 50.08 50.12 50.16 50.2 50.24 50.28 50.32 50.36 50.4 50.44 50.48 50.52 50.56 50.6 50.64 50.68 50.72 50.76 50.8 50.84 50.88 50.92 50.96 51 51.04 51.08 51.12 51.16 51.2 51.24 51.28 51.32 51.36 51.4 51.44 51.48 51.52 51.56 51.6 51.64 51.68 51.72 51.76 51.8 51.84 51.88 51.92 51.96 52 52.04 52.08 52.12 52.16 52.2 52.24 52.28 52.32 52.36 52.4 52.44 52.48 52.52 52.56 52.6 52.64 52.68 52.72 52.76 52.8 52.84 52.88 52.92 52.96
 48.96 49 49.04 49.08 49.12 49.16 49.2 49.24 49.28 49.32 49.36 49.4 49.44 49.48 49.52 49.56 49.6 49.64 49.68 49.72 49.76 49.8 49.84 49.88 49.92 49.96 50 50.04 50.08 50.12 50.16 50.2 50.24 50.28 50.32 50.36 50.4 50.44 50.48 50.52 50.56 50.6 50.64 50.68 50.72 50.76 50.8 50.84 50.88 50.92 50.96 51 51.04 51.08 51.12 51.16 51.2 51.24 51.28 51.32 51.36 51.4 51.44 51.48 51.52 51.56 51.6 51.64 51.68 51.72 51.76 51.8 51.84 51.88 51.92 51.96 52 52.04 52.08 52.12 52.16 52.2 52.24 52.28 52.32 52.36 52.4 52.44 52.48 52.52 52.56 52.6 52.64 52.68 52.72 52.76 52.8 52.84 52.88 52.92 52.96
 48.96 49 49.04 49.08 49.12 49.16 49.2 49.24 49.28 49.32 49.36 49.4 49.44 49.48 49.52 49.56 49.6 49.64 49.68 49.72 49.76 49.8 49.84 49.88 49.92 49.96 50 50.04 50.08 50.12 50.16 50.2 50.24 50.28 50.32 50.36 50.4 50.44 50.48 50.52 50.56 50.6 50.64 50.68 50.72 50.76 50.8 50.84 50.88 50.92 50.96 51 51.04 51.08 51.12 51.16 51.2 51.24 51.28 51.32 51.36 51.4 51.44 51.48 51.52 51.56 51.6 51.64 51.68 51.72 51.76 51.8 51.84 51.88 51.92 51.96 52 52.04 52.08 52.12 52.16 52.2 52.24 52.28 52.32 52.36 52.4 52.44 52.48 52.52 52.56 52.6 52.64 52.68 52.72 52.76 52.8 52.84 52.88 52.92 52.96
 48.96 49 49.04 49.08 49.12 49.16 49.2 49.24 49.28 49.32 49.36 49.4 49.44 49.48 49.52 49.56 49.6 49.64 49.68 49.72 49.76 49.8 49.84 49.88 49.92 49.96 50 50.04 50.08 50.12 50.16 50.2 50.24 50.28 50.32 50.36 50.4 50.44 50.48 50.52 50.56 50.6 50.64 50.68 50.72 50.76 50.8 50.84 50.88 50.92 50.96 51 51.04 51.08 51.12 51.16 51.2 51.24 51.28 51.32 51.36 51.4 51.44 51.48 51.52 51.56 51.6 51.64 51.68 51.72 51.76 51.8 51.84 51.88 51.92 51.96 52 52.04 52.08 52.12 52.16 52.2 52.24 52.28 52.32 52.36 52.4 52.44 52.48 52.52 52.56 52.6 52.64 52.68 52.72 52.76 52.8 52.84 52.88 52.92 52.96
 48.96 49 49.04 49.08 49.12 49.16 49.2 49.24 49.28 49.32 49.36 49.4 49.44 49.48 49.52 49.56 49.6 49.64 49.68 49.72 49.76 49.8 49.84 49.88 49.92 49.96 50 50.04 50.08 50.12 50.16 50.2 50.24 50.28 50.32 50.36 50.4 50.44 50.48 50.52 50.56 50.6 50.64 50.68 50.72 50.76 50.8 50.84 50.88 50.92 50.96 51 51.04 51.08 51.12 51.16 51.2 51.24 51.28 51.32 51.36 51.4 51.44 51.48 51.52 51.56 51.6 51.64 51.68 51.72 51.76 51.8 51.84 51.88 51.92 51.96 52 52.04 52.08 52.12 52.16 52.2 52.24 52.28 52.32 52.36 52.4 52.44 52.48 52.52 52.56 52.6 52.64 52.68 52.72 52.76 52.8 52.84 52.88 52.92 52.96
 48.96 49 49.04 49.08 49.12 49.16 49.2 49.24 49.28 49.32 49.36 49.4 49.44 49.48 49.52 49.56 49.6 49.64 49.68 49.72 49.76 49.8 49.84 49.88 49.92 49.96 50 50.04 50.08 50.12 50.16 50.2 50.24 50.28 50.32 50.36 50.4 50.44 50.48 50.52 50.56 50.6 50.64 50.68 50.72 50.76 50.8 50.84 50.88 50.92 50.96 51 51.04 51.08 51.12 51.16 51.2 51.24 51.28 51.32 51.36 51.4 51.44 51.48 51.52 51.56 51.6 51.64 51.68 51.72 51.76 51.8 51.84 51.88 51.92 51.96 52 52.04 52.08 52.12 52.16 52.2 52.24 52.28 52.32 52.36 52.4 52.44 52.48 52.52 52.56 52.6 52.64 52.68 52.72 52.76 52.8 52.84 52.88 52.92 52.96
 48.96 49 49.04 49.08 49.12 49.16 49.2 49.24 49.28 49.32 49.36 49.4 49.44 49.48 49.52 49.56 49.6 49.64 49.68 49.72 49.76 49.8 49.84 49.88 49.92 49.96 50 50.04 50.08 50.12 50.16 50.2 50.24 50.28 50.32 50.36 50.4 50.44 50.48 50.52 50.56 50.6 50.64 50.68 50.72 50.76 50.8 50.84 50.88 50.92 50.96 51 51.04 51.08 51.12 51.16 51.2 51.24 51.28 51.32 51.36 51.4 51.44 51.48 51.52 51.56 51.6 51.64 51.68 51.72 51.76 51.8 51.84 51.88 51.92 51.96 52 52.04 52.08 52.12 52.16 52.2 52.24 52.28 52.32 52.36 52.4 52.44 52.48 52.52 52.56 52.6 52.64 52.68 52.72 52.76 52.8 52.84 52.88 52.92 52.96
 48.96 49 49.04 49.08 49.12 49.16 49.2 49.24 49.28 49.32 49.36 49.4 49.44 49.48 49.52 49.56 49.6 49.64 49.68 49.72 49.76 49.8 49.84 49.88 49.92 49.96 50 50.04 50.08 50.12 50.16 50.2 50.24 50.28 50.32 50.36 50.4 50.44 50.48 50.52 50.56 50.6 50.64 50.68 50.72 50.76 50.8 50.84 50.88 50.92 50.96 51 51.04 51.08 51.12 51.16 51.2 51.24 51.28 51.32 51.36 51.4 51.44 51.48 51.52 51.56 51.6 51.64 51.68 51.72 51.76 51.8 51.84 51.88 51.92 51.96 52 52.04 52.08 52.12 52.16 52.2 52.24 52.28 52.32 52.36 52.4 52.44 52.48 52.52 52.56 52.6 52.64 52.68 52.72 52.76 52.8 52.84 52.88 52.92 52.96
 48.96 49 49.04 49.08 49.12 49.16 49.2 49.24 49.28 49.32 49.36 49.4 49.44 49.48 49.52 49.56 49.6 49.64 49.68 49.72 49.76 49.8 49.84 49.88 49.92 49.96 50 50.04 50.08 50.12 50.16 50.2 50.24 50.28 50.32 50.36 50.4 50.44 50.48 50.52 50.56 50.6 50.64 50.68 50.72 50.76 50.8 50.84 50.88 50.92 50.96 51 51.04 51.08 51.12 51.16 51.2 51.24 51.28 51.32 51.36 51.4 51.44 51.48 51.52 51.56 51.6 51.64 51.68 51.72 51.76 51.8 51.84 51.88 51.92 51.96 52 52.04 52.08 52.12 52.16 52.2 52.24 52.28 52.32 52.36 52.4 52.44 52.48 52.52 52.56 52.6 52.64 52.68 52.72 52.76 52.8 52.84 52.88 52.92 52.96
 48.96 49 49.04 49.08 49.12 49.16 49.2 49.24 49.28 49.32 49.36 49.4 49.44 49.48 49.52 49.56 49.6 49.64 49.68 49.72 49.76 49.8 49.84 49.88 49.92 49.96 50 50.04 50.08 50.12 50.16 50.2 50.24 50.28 50.32 50.36 50.4 50.44 50.48 50.52 50.56 50.6 50.64 50.68 50.72 50.76 50.8 50.84 50.88 50.92 50.96 51 51.04 51.08 51.12 51.16 51.2 51.24 51.28 51.32 51.36 51.4 51.44 51.48 51.52 51.56 51.6 51.64 51.68 51.72 51.76 51.8 51.84 51.88 51.92 51.96 52 52.04 52.08 52.12 52.16 52.2 52.24 52.28 52.32 52.36 52.4 52.44 52.48 52.52 52.56 52.6 52.64 52.68 52.72 52.76 52.8 52.84 52.88 52.92 52.96
 48.96 49 49.04 49.08 49.12 49.16 49.2 49.24 49.28 49.32 49.36 49.4 49.44 49.48 49.52 49.56 49.6 49.64 49.68 49.72 49.76 49.8 49.84 49.88 49.92 49.96 50 50.04 50.08 50.12 50.16 50.2 50.24 50.28 50.32 50.36 50.4 50.44 50.48 50.52 50.56 50.6 50.64 50.68 50.72 50.76 50.8 50.84 50.88 50.92 50.96 51 51.04 51.08 51.12 51.16 51.2 51.24 51.28 51.32 51.36 51.4 51.44 51.48 51.52 51.56 51.6 51.64 51.68 51.72 51.76 51.8 51.84 51.88 51.92 51.96 52 52.04 52.08 52.12 52.16 52.2 52.24 52.28 52.32 52.36 52.4 52.44 52.48 52.52 52.56 52.6 52.64 52.68 52.72 52.76 52.8 52.84 52.88 52.92 52.96
 48.96 49 49.04 49.08 49.12 49.16 49.2 49.24 49.28 49.32 49.36 49.4 49.44 49.48 49.52 49.56 49.6 49.64 49.68 49.72 49.76 49.8 49.84 49.88 49.92 49.96 50 50.04 50.08 50.12 50.16 50.2 50.24 50.28 50.32 50.36 50.4 50.44 50.48 50.52 50.56 50.6 50.64 50.68 50.72 50.76 50.8 50.84 50.88 50.92 50.96 51 51.04 51.08 51.12 51.16 51.2 51.24 51.28 51.32 51.36 51.4 51.44 51.48 51.52 51.56 51.6 51.64 51.68 51.72 51.76 51.8 51.84 51.88 51.92 51.96 52 52.04 52.08 52.12 52.16 52.2 52.24 52.28 52.32 52.36 52.4 52.44 52.48 52.52 52.56 52.6 52.64 52.68 52.72 52.76 52.8 52.84 52.88 52.92 52.96
 48.96 49 49.04 49.08 49.12 49.16 49.2 49.24 49.28 49.32 49.36 49.4 49.44 49.48 49.52 49.56 49.6 49.64 49.68 49.72 49.76 49.8 49.84 49.88 49.92 49.96 50 50.04 50.08 50.12 50.16 50.2 50.24 50.28 50.32 50.36 50.4 50.44 50.48 50.52 50.56 50.6 50.64 50.68 50.72 50.76 50.8 50.84 50.88 50.92 50.96 51 51.04 51.08 51.12 51.16 51.2 51.24 51.28 51.32 51.36 51.4 51.44 51.48 51.52 51.56 51.6 51.64 51.68 51.72 51.76 51.8 51.84 51.88 51.92 51.96 52 52.04 52.08 52.12 52.16 52.2 52.24 52.28 52.32 52.36 52.4 52.44 52.48 52.52 52.56 52.6 52.64 52.68 52.72 52.76 52.8 52.84 52.88 52.92 52.96
 48.96 49 49.04 49.08 49.12 49.16 49.2 49.24 49.28 49.32 49.36 49.4 49.44 49.48 49.52 49.56 49.6 49.64 49.68 49.72 49.76 49.8 49.84 49.88 49.92 49.96 50 50.04 50.08 50.12 50.16 50.2 50.24 50.28 50.32 50.36 50.4 50.44 50.48 50.52 50.56 50.6 50.64 50.68 50.72 50.76 50.8 50.84 50.88 50.92 50.96 51 51.04 51.08 51.12 51.16 51.2 51.24 51.28 51.32 51.36 51.4 51.44 51.48 51.52 51.56 51.6 51.64 51.68 51.72 51.76 51.8 51.84 51.88 51.92 51.96 52 52.04 52.08 52.12 52.16 52.2 52.24 52.28 52.32 52.36 52.4 52.44 52.48 52.52 52.56 52.6 52.64 52.68 52.72 52.76 52.8 52.84 52.88 52.92 52.96
 48.96 49 49.04 49.08 49.12 49.16 49.2 49.24 49.28 49.32 49.36 49.4 49.44 49.48 49.52 49.56 49.6 49.64 49.68 49.72 49.76 49.8 49.84 49.88 49.92 49.96 50 50.04 50.08 50.12 50.16 50.2 50.24 50.28 50.32 50.36 50.4 50.44 50.48 50.52 50.56 50.6 50.64 50.68 50.72 50.76 50.8 50.84 50.88 50.92 50.96 51 51.04 51.08 51.12 51.16 51.2 51.24 51.28 51.32 51.36 51.4 51.44 51.48 51.52 51.56 51.6 51.64 51.68 51.72 51.76 51.8 51.84 51.88 51.92 51.96 52 52.04 52.08 52.12 52.16 52.2 52.24 52.28 52.32 52.36 52.4 52.44 52.48 52.52 52.56 52.6 52.64 52.68 52.72 52.76 52.8 52.84 52.88 52.92 52.96
 48.96 49 49.04 49.08 49.12 49.16 49.2 49.24 49.28 49.32 49.36 49.4 49.44 49.48 49.52 49.56 49.6 49.64 49.68 49.72 49.76 49.8 49.84 49.88 49.92 49.96 50 50.04 50.08 50.12 50.16 50.2 50.24 50.28 50.32 50.36 50.4 50.44 50.48 50.52 50.56 50.6 50.64 50.68 50.72 50.76 50.8 50.84 50.88 50.92 50.96 51 51.04 51.08 51.12 51.16 51.2 51.24 51.28 51.32 51.36 51.4 51.44 51.48 51.52 51.56 51.6 51.64 51.68 51.72 51.76 51.8 51.84 51.88 51.92 51.96 52 52.04 52.08 52.12 52.16 52.2 52.24 52.28 52.32 52.36 52.4 52.44 52.48 52.52 52.56 52.6 52.64 52.68 52.72 52.76 52.8 52.84 52.88 52.92 52.96
 48.96 49 49.04 49.08 49.12 49.16 49.2 49.24 49.28 49.32 49.36 49.4 49.44 49.48 49.52 49.56 49.6 49.64 49.68 49.72 49.76 49.8 49.84 49.88 49.92 49.96 50 50.04 50.08 50.12 50.16 50.2 50.24 50.28 50.32 50.36 50.4 50.44 50.48 50.52 50.56 50.6 50.64 50.68 50.72 50.76 50.8 50.84 50.88 50.92 50.96 51 51.04 51.08 51.12 51.16 51.2 51.24 51.28 51.32 51.36 51.4 51.44 51.48 51.52 51.56 51.6 51.64 51.68 51.72 51.76 51.8 51.84 51.88 51.92 51.96 52 52.04 52.08 52.12 52.16 52.2 52.24 52.28 52.32 52.36 52.4 52.44 52.48 52.52 52.56 52.6 52.64 52.68 52.72 52.76 52.8 52.84 52.88 52.92 52.96

Latitude_Meshgrid
 29.04 29.04 29.04 29.04 29.04 29.04 29.04 29.04 29.04 29.04 29.04 29.04 29.04 29.04 29.04 29.04 29.04 29.04 29.04 29.04 29.04 29.04 29.04 29.04 29.04 29.04 29.04 29.04 29.04 29.04 29.04 29.04 29.04 29.04 29.04 29.04 29.04 29.04 29.04 29.04 29.04 29.04 29.04 29.04 29.04 29.04 29.04 29.04 29.04 29.04 29.04 29.04 29.04 29.04 29.04 29.04 29.04 29.04 29.04 29.04 29.04 29.04 29.04 29.04 29.04 29.04 29.04 29.04 29.04 29.04 29.04 29.04 29.04 29.04 29.04 29.04 29.04 29.04 29.04 29.04 29.04 29.04 29.04 29.04 29.04 29.04 29.04 29.04 29.04 29.04 29.04 29.04 29.04 29.04 29.04 29.04 29.04 29.04 29.04 29.04 29.04
 29 29 29 29 29 29 29 29 29 29 29 29 29 29 29 29 29 29 29 29 29 29 29 29 29 29 29 29 29 29 29 29 29 29 29 29 29 29 29 29 29 29 29 29 29 29 29 29 29 29 29 29 29 29 29 29 29 29 29 29 29 29 29 29 29 29 29 29 29 29 29 29 29 29 29 29 29 29 29 29 29 29 29 29 29 29 29 29 29 29 29 29 29 29 29 29 29 29 29 29 29
 28.96 28.96 28.96 28.96 28.96 28.96 28.96 28.96 28.96 28.96 28.96 28.96 28.96 28.96 28.96 28.96 28.96 28.96 28.96 28.96 28.96 28.96 28.96 28.96 28.96 28.96 28.96 28.96 28.96 28.96 28.96 28.96 28.96 28.96 28.96 28.96 28.96 28.96 28.96 28.96 28.96 28.96 28.96 28.96 28.96 28.96 28.96 28.96 28.96 28.96 28.96 28.96 28.96 28.96 28.96 28.96 28.96 28.96 28.96 28.96 28.96 28.96 28.96 28.96 28.96 28.96 28.96 28.96 28.96 28.96 28.96 28.96 28.96 28.96 28.96 28.96 28.96 28.96 28.96 28.96 28.96 28.96 28.96 28.96 28.96 28.96 28.96 28.96 28.96 28.96 28.96 28.96 28.96 28.96 28.96 28.96 28.96 28.96 28.96 28.96 28.96
 28.92 28.92 28.92 28.92 28.92 28.92 28.92 28.92 28.92 28.92 28.92 28.92 28.92 28.92 28.92 28.92 28.92 28.92 28.92 28.92 28.92 28.92 28.92 28.92 28.92 28.92 28.92 28.92 28.92 28.92 28.92 28.92 28.92 28.92 28.92 28.92 28.92 28.92 28.92 28.92 28.92 28.92 28.92 28.92 28.92 28.92 28.92 28.92 28.92 28.92 28.92 28.92 28.92 28.92 28.92 28.92 28.92 28.92 28.92 28.92 28.92 28.92 28.92 28.92 28.92 28.92 28.92 28.92 28.92 28.92 28.92 28.92 28.92 28.92 28.92 28.92 28.92 28.92 28.92 28.92 28.92 28.92 28.92 28.92 28.92 28.92 28.92 28.92 28.92 28.92 28.92 28.92 28.92 28.92 28.92 28.92 28.92 28.92 28.92 28.92 28.92
 28.88 28.88 28.88 28.88 28.88 28.88 28.88 28.88 28.88 28.88 28.88 28.88 28.88 28.88 28.88 28.88 28.88 28.88 28.88 28.88 28.88 28.88 28.88 28.88 28.88 28.88 28.88 28.88 28.88 28.88 28.88 28.88 28.88 28.88 28.88 28.88 28.88 28.88 28.88 28.88 28.88 28.88 28.88 28.88 28.88 28.88 28.88 28.88 28.88 28.88 28.88 28.88 28.88 28.88 28.88 28.88 28.88 28.88 28.88 28.88 28.88 28.88 28.88 28.88 28.88 28.88 28.88 28.88 28.88 28.88 28.88 28.88 28.88 28.88 28.88 28.88 28.88 28.88 28.88 28.88 28.88 28.88 28.88 28.88 28.88 28.88 28.88 28.88 28.88 28.88 28.88 28.88 28.88 28.88 28.88 28.88 28.88 28.88 28.88 28.88 28.88
 28.84 28.84 28.84 28.84 28.84 28.84 28.84 28.84 28.84 28.84 28.84 28.84 28.84 28.84 28.84 28.84 28.84 28.84 28.84 28.84 28.84 28.84 28.84 28.84 28.84 28.84 28.84 28.84 28.84 28.84 28.84 28.84 28.84 28.84 28.84 28.84 28.84 28.84 28.84 28.84 28.84 28.84 28.84 28.84 28.84 28.84 28.84 28.84 28.84 28.84 28.84 28.84 28.84 28.84 28.84 28.84 28.84 28.84 28.84 28.84 28.84 28.84 28.84 28.84 28.84 28.84 28.84 28.84 28.84 28.84 28.84 28.84 28.84 28.84 28.84 28.84 28.84 28.84 28.84 28.84 28.84 28.84 28.84 28.84 28.84 28.84 28.84 28.84 28.84 28.84 28.84 28.84 28.84 28.84 28.84 28.84 28.84 28.84 28.84 28.84 28.84
 28.8 28.8 28.8 28.8 28.8 28.8 28.8 28.8 28.8 28.8 28.8 28.8 28.8 28.8 28.8 28.8 28.8 28.8 28.8 28.8 28.8 28.8 28.8 28.8 28.8 28.8 28.8 28.8 28.8 28.8 28.8 28.8 28.8 28.8 28.8 28.8 28.8 28.8 28.8 28.8 28.8 28.8 28.8 28.8 28.8 28.8 28.8 28.8 28.8 28.8 28.8 28.8 28.8 28.8 28.8 28.8 28.8 28.8 28.8 28.8 28.8 28.8 28.8 28.8 28.8 28.8 28.8 28.8 28.8 28.8 28.8 28.8 28.8 28.8 28.8 28.8 28.8 28.8 28.8 28.8 28.8 28.8 28.8 28.8 28.8 28.8 28.8 28.8 28.8 28.8 28.8 28.8 28.8 28.8 28.8 28.8 28.8 28.8 28.8 28.8 28.8
 28.76 28.76 28.76 28.76 28.76 28.76 28.76 28.76 28.76 28.76 28.76 28.76 28.76 28.76 28.76 28.76 28.76 28.76 28.76 28.76 28.76 28.76 28.76 28.76 28.76 28.76 28.76 28.76 28.76 28.76 28.76 28.76 28.76 28.76 28.76 28.76 28.76 28.76 28.76 28.76 28.76 28.76 28.76 28.76 28.76 28.76 28.76 28.76 28.76 28.76 28.76 28.76 28.76 28.76 28.76 28.76 28.76 28.76 28.76 28.76 28.76 28.76 28.76 28.76 28.76 28.76 28.76 28.76 28.76 28.76 28.76 28.76 28.76 28.76 28.76 28.76 28.76 28.76 28.76 28.76 28.76 28.76 28.76 28.76 28.76 28.76 28.76 28.76 28.76 28.76 28.76 28.76 28.76 28.76 28.76 28.76 28.76 28.76 28.76 28.76 28.76
 28.72 28.72 28.72 28.72 28.72 28.72 28.72 28.72 28.72 28.72 28.72 28.72 28.72 28.72 28.72 28.72 28.72 28.72 28.72 28.72 28.72 28.72 28.72 28.72 28.72 28.72 28.72 28.72 28.72 28.72 28.72 28.72 28.72 28.72 28.72 28.72 28.72 28.72 28.72 28.72 28.72 28.72 28.72 28.72 28.72 28.72 28.72 28.72 28.72 28.72 28.72 28.72 28.72 28.72 28.72 28.72 28.72 28.72 28.72 28.72 28.72 28.72 28.72 28.72 28.72 28.72 28.72 28.72 28.72 28.72 28.72 28.72 28.72 28.72 28.72 28.72 28.72 28.72 28.72 28.72 28.72 28.72 28.72 28.72 28.72 28.72 28.72 28.72 28.72 28.72 28.72 28.72 28.72 28.72 28.72 28.72 28.72 28.72 28.72 28.72 28.72
 28.68 28.68 28.68 28.68 28.68 28.68 28.68 28.68 28.68 28.68 28.68 28.68 28.68 28.68 28.68 28.68 28.68 28.68 28.68 28.68 28.68 28.68 28.68 28.68 28.68 28.68 28.68 28.68 28.68 28.68 28.68 28.68 28.68 28.68 28.68 28.68 28.68 28.68 28.68 28.68 28.68 28.68 28.68 28.68 28.68 28.68 28.68 28.68 28.68 28.68 28.68 28.68 28.68 28.68 28.68 28.68 28.68 28.68 28.68 28.68 28.68 28.68 28.68 28.68 28.68 28.68 28.68 28.68 28.68 28.68 28.68 28.68 28.68 28.68 28.68 28.68 28.68 28.68 28.68 28.68 28.68 28.68 28.68 28.68 28.68 28.68 28.68 28.68 28.68 28.68 28.68 28.68 28.68 28.68 28.68 28.68 28.68 28.68 28.68 28.68 28.68
 28.64 28.64 28.64 28.64 28.64 28.64 28.64 28.64 28.64 28.64 28.64 28.64 28.64 28.64 28.64 28.64 28.64 28.64 28.64 28.64 28.64 28.64 28.64 28.64 28.64 28.64 28.64 28.64 28.64 28.64 28.64 28.64 28.64 28.64 28.64 28.64 28.64 28.64 28.64 28.64 28.64 28.64 28.64 28.64 28.64 28.64 28.64 28.64 28.64 28.64 28.64 28.64 28.64 28.64 28.64 28.64 28.64 28.64 28.64 28.64 28.64 28.64 28.64 28.64 28.64 28.64 28.64 28.64 28.64 28.64 28.64 28.64 28.64 28.64 28.64 28.64 28.64 28.64 28.64 28.64 28.64 28.64 28.64 28.64 28.64 28.64 28.64 28.64 28.64 28.64 28.64 28.64 28.64 28.64 28.64 28.64 28.64 28.64 28.64 28.64 28.64
 28.6 28.6 28.6 28.6 28.6 28.6 28.6 28.6 28.6 28.6 28.6 28.6 28.6 28.6 28.6 28.6 28.6 28.6 28.6 28.6 28.6 28.6 28.6 28.6 28.6 28.6 28.6 28.6 28.6 28.6 28.6 28.6 28.6 28.6 28.6 28.6 28.6 28.6 28.6 28.6 28.6 28.6 28.6 28.6 28.6 28.6 28.6 28.6 28.6 28.6 28.6 28.6 28.6 28.6 28.6 28.6 28.6 28.6 28.6 28.6 28.6 28.6 28.6 28.6 28.6 28.6 28.6 28.6 28.6 28.6 28.6 28.6 28.6 28.6 28.6 28.6 28.6 28.6 28.6 28.6 28.6 28.6 28.6 28.6 28.6 28.6 28.6 28.6 28.6 28.6 28.6 28.6 28.6 28.6 28.6 28.6 28.6 28.6 28.6 28.6 28.6
 28.56 28.56 28.56 28.56 28.56 28.56 28.56 28.56 28.56 28.56 28.56 28.56 28.56 28.56 28.56 28.56 28.56 28.56 28.56 28.56 28.56 28.56 28.56 28.56 28.56 28.56 28.56 28.56 28.56 28.56 28.56 28.56 28.56 28.56 28.56 28.56 28.56 28.56 28.56 28.56 28.56 28.56 28.56 28.56 28.56 28.56 28.56 28.56 28.56 28.56 28.56 28.56 28.56 28.56 28.56 28.56 28.56 28.56 28.56 28.56 28.56 28.56 28.56 28.56 28.56 28.56 28.56 28.56 28.56 28.56 28.56 28.56 28.56 28.56 28.56 28.56 28.56 28.56 28.56 28.56 28.56 28.56 28.56 28.56 28.56 28.56 28.56 28.56 28.56 28.56 28.56 28.56 28.56 28.56 28.56 28.56 28.56 28.56 28.56 28.56 28.56
 28.52 28.52 28.52 28.52 28.52 28.52 28.52 28.52 28.52 28.52 28.52 28.52 28.52 28.52 28.52 28.52 28.52 28.52 28.52 28.52 28.52 28.52 28.52 28.52 28.52 28.52 28.52 28.52 28.52 28.52 28.52 28.52 28.52 28.52 28.52 28.52 28.52 28.52 28.52 28.52 28.52 28.52 28.52 28.52 28.52 28.52 28.52 28.52 28.52 28.52 28.52 28.52 28.52 28.52 28.52 28.52 28.52 28.52 28.52 28.52 28.52 28.52 28.52 28.52 28.52 28.52 28.52 28.52 28.52 28.52 28.52 28.52 28.52 28.52 28.52 28.52 28.52 28.52 28.52 28.52 28.52 28.52 28.52 28.52 28.52 28.52 28.52 28.52 28.52 28.52 28.52 28.52 28.52 28.52 28.52 28.52 28.52 28.52 28.52 28.52 28.52
 28.48 28.48 28.48 28.48 28.48 28.48 28.48 28.48 28.48 28.48 28.48 28.48 28.48 28.48 28.48 28.48 28.48 28.48 28.48 28.48 28.48 28.48 28.48 28.48 28.48 28.48 28.48 28.48 28.48 28.48 28.48 28.48 28.48 28.48 28.48 28.48 28.48 28.48 28.48 28.48 28.48 28.48 28.48 28.48 28.48 28.48 28.48 28.48 28.48 28.48 28.48 28.48 28.48 28.48 28.48 28.48 28.48 28.48 28.48 28.48 28.48 28.48 28.48 28.48 28.48 28.48 28.48 28.48 28.48 28.48 28.48 28.48 28.48 28.48 28.48 28.48 28.48 28.48 28.48 28.48 28.48 28.48 28.48 28.48 28.48 28.48 28.48 28.48 28.48 28.48 28.48 28.48 28.48 28.48 28.48 28.48 28.48 28.48 28.48 28.48 28.48
 28.44 28.44 28.44 28.44 28.44 28.44 28.44 28.44 28.44 28.44 28.44 28.44 28.44 28.44 28.44 28.44 28.44 28.44 28.44 28.44 28.44 28.44 28.44 28.44 28.44 28.44 28.44 28.44 28.44 28.44 28.44 28.44 28.44 28.44 28.44 28.44 28.44 28.44 28.44 28.44 28.44 28.44 28.44 28.44 28.44 28.44 28.44 28.44 28.44 28.44 28.44 28.44 28.44 28.44 28.44 28.44 28.44 28.44 28.44 28.44 28.44 28.44 28.44 28.44 28.44 28.44 28.44 28.44 28.44 28.44 28.44 28.44 28.44 28.44 28.44 28.44 28.44 28.44 28.44 28.44 28.44 28.44 28.44 28.44 28.44 28.44 28.44 28.44 28.44 28.44 28.44 28.44 28.44 28.44 28.44 28.44 28.44 28.44 28.44 28.44 28.44
 28.4 28.4 28.4 28.4 28.4 28.4 28.4 28.4 28.4 28.4 28.4 28.4 28.4 28.4 28.4 28.4 28.4 28.4 28.4 28.4 28.4 28.4 28.4 28.4 28.4 28.4 28.4 28.4 28.4 28.4 28.4 28.4 28.4 28.4 28.4 28.4 28.4 28.4 28.4 28.4 28.4 28.4 28.4 28.4 28.4 28.4 28.4 28.4 28.4 28.4 28.4 28.4 28.4 28.4 28.4 28.4 28.4 28.4 28.4 28.4 28.4 28.4 28.4 28.4 28.4 28.4 28.4 28.4 28.4 28.4 28.4 28.4 28.4 28.4 28.4 28.4 28.4 28.4 28.4 28.4 28.4 28.4 28.4 28.4 28.4 28.4 28.4 28.4 28.4 28.4 28.4 28.4 28.4 28.4 28.4 28.4 28.4 28.4 28.4 28.4 28.4
 28.36 28.36 28.36 28.36 28.36 28.36 28.36 28.36 28.36 28.36 28.36 28.36 28.36 28.36 28.36 28.36 28.36 28.36 28.36 28.36 28.36 28.36 28.36 28.36 28.36 28.36 28.36 28.36 28.36 28.36 28.36 28.36 28.36 28.36 28.36 28.36 28.36 28.36 28.36 28.36 28.36 28.36 28.36 28.36 28.36 28.36 28.36 28.36 28.36 28.36 28.36 28.36 28.36 28.36 28.36 28.36 28.36 28.36 28.36 28.36 28.36 28.36 28.36 28.36 28.36 28.36 28.36 28.36 28.36 28.36 28.36 28.36 28.36 28.36 28.36 28.36 28.36 28.36 28.36 28.36 28.36 28.36 28.36 28.36 28.36 28.36 28.36 28.36 28.36 28.36 28.36 28.36 28.36 28.36 28.36 28.36 28.36 28.36 28.36 28.36 28.36
 28.32 28.32 28.32 28.32 28.32 28.32 28.32 28.32 28.32 28.32 28.32 28.32 28.32 28.32 28.32 28.32 28.32 28.32 28.32 28.32 28.32 28.32 28.32 28.32 28.32 28.32 28.32 28.32 28.32 28.32 28.32 28.32 28.32 28.32 28.32 28.32 28.32 28.32 28.32 28.32 28.32 28.32 28.32 28.32 28.32 28.32 28.32 28.32 28.32 28.32 28.32 28.32 28.32 28.32 28.32 28.32 28.32 28.32 28.32 28.32 28.32 28.32 28.32 28.32 28.32 28.32 28.32 28.32 28.32 28.32 28.32 28.32 28.32 28.32 28.32 28.32 28.32 28.32 28.32 28.32 28.32 28.32 28.32 28.32 28.32 28.32 28.32 28.32 28.32 28.32 28.32 28.32 28.32 28.32 28.32 28.32 28.32 28.32 28.32 28.32 28.32
 28.28 28.28 28.28 28.28 28.28 28.28 28.28 28.28 28.28 28.28 28.28 28.28 28.28 28.28 28.28 28.28 28.28 28.28 28.28 28.28 28.28 28.28 28.28 28.28 28.28 28.28 28.28 28.28 28.28 28.28 28.28 28.28 28.28 28.28 28.28 28.28 28.28 28.28 28.28 28.28 28.28 28.28 28.28 28.28 28.28 28.28 28.28 28.28 28.28 28.28 28.28 28.28 28.28 28.28 28.28 28.28 28.28 28.28 28.28 28.28 28.28 28.28 28.28 28.28 28.28 28.28 28.28 28.28 28.28 28.28 28.28 28.28 28.28 28.28 28.28 28.28 28.28 28.28 28.28 28.28 28.28 28.28 28.28 28.28 28.28 28.28 28.28 28.28 28.28 28.28 28.28 28.28 28.28 28.28 28.28 28.28 28.28 28.28 28.28 28.28 28.28
 28.24 28.24 28.24 28.24 28.24 28.24 28.24 28.24 28.24 28.24 28.24 28.24 28.24 28.24 28.24 28.24 28.24 28.24 28.24 28.24 28.24 28.24 28.24 28.24 28.24 28.24 28.24 28.24 28.24 28.24 28.24 28.24 28.24 28.24 28.24 28.24 28.24 28.24 28.24 28.24 28.24 28.24 28.24 28.24 28.24 28.24 28.24 28.24 28.24 28.24 28.24 28.24 28.24 28.24 28.24 28.24 28.24 28.24 28.24 28.24 28.24 28.24 28.24 28.24 28.24 28.24 28.24 28.24 28.24 28.24 28.24 28.24 28.24 28.24 28.24 28.24 28.24 28.24 28.24 28.24 28.24 28.24 28.24 28.24 28.24 28.24 28.24 28.24 28.24 28.24 28.24 28.24 28.24 28.24 28.24 28.24 28.24 28.24 28.24 28.24 28.24
 28.2 28.2 28.2 28.2 28.2 28.2 28.2 28.2 28.2 28.2 28.2 28.2 28.2 28.2 28.2 28.2 28.2 28.2 28.2 28.2 28.2 28.2 28.2 28.2 28.2 28.2 28.2 28.2 28.2 28.2 28.2 28.2 28.2 28.2 28.2 28.2 28.2 28.2 28.2 28.2 28.2 28.2 28.2 28.2 28.2 28.2 28.2 28.2 28.2 28.2 28.2 28.2 28.2 28.2 28.2 28.2 28.2 28.2 28.2 28.2 28.2 28.2 28.2 28.2 28.2 28.2 28.2 28.2 28.2 28.2 28.2 28.2 28.2 28.2 28.2 28.2 28.2 28.2 28.2 28.2 28.2 28.2 28.2 28.2 28.2 28.2 28.2 28.2 28.2 28.2 28.2 28.2 28.2 28.2 28.2 28.2 28.2 28.2 28.2 28.2 28.2
 28.16 28.16 28.16 28.16 28.16 28.16 28.16 28.16 28.16 28.16 28.16 28.16 28.16 28.16 28.16 28.16 28.16 28.16 28.16 28.16 28.16 28.16 28.16 28.16 28.16 28.16 28.16 28.16 28.16 28.16 28.16 28.16 28.16 28.16 28.16 28.16 28.16 28.16 28.16 28.16 28.16 28.16 28.16 28.16 28.16 28.16 28.16 28.16 28.16 28.16 28.16 28.16 28.16 28.16 28.16 28.16 28.16 28.16 28.16 28.16 28.16 28.16 28.16 28.16 28.16 28.16 28.16 28.16 28.16 28.16 28.16 28.16 28.16 28.16 28.16 28.16 28.16 28.16 28.16 28.16 28.16 28.16 28.16 28.16 28.16 28.16 28.16 28.16 28.16 28.16 28.16 28.16 28.16 28.16 28.16 28.16 28.16 28.16 28.16 28.16 28.16
 28.12 28.12 28.12 28.12 28.12 28.12 28.12 28.12 28.12 28.12 28.12 28.12 28.12 28.12 28.12 28.12 28.12 28.12 28.12 28.12 28.12 28.12 28.12 28.12 28.12 28.12 28.12 28.12 28.12 28.12 28.12 28.12 28.12 28.12 28.12 28.12 28.12 28.12 28.12 28.12 28.12 28.12 28.12 28.12 28.12 28.12 28.12 28.12 28.12 28.12 28.12 28.12 28.12 28.12 28.12 28.12 28.12 28.12 28.12 28.12 28.12 28.12 28.12 28.12 28.12 28.12 28.12 28.12 28.12 28.12 28.12 28.12 28.12 28.12 28.12 28.12 28.12 28.12 28.12 28.12 28.12 28.12 28.12 28.12 28.12 28.12 28.12 28.12 28.12 28.12 28.12 28.12 28.12 28.12 28.12 28.12 28.12 28.12 28.12 28.12 28.12
 28.08 28.08 28.08 28.08 28.08 28.08 28.08 28.08 28.08 28.08 28.08 28.08 28.08 28.08 28.08 28.08 28.08 28.08 28.08 28.08 28.08 28.08 28.08 28.08 28.08 28.08 28.08 28.08 28.08 28.08 28.08 28.08 28.08 28.08 28.08 28.08 28.08 28.08 28.08 28.08 28.08 28.08 28.08 28.08 28.08 28.08 28.08 28.08 28.08 28.08 28.08 28.08 28.08 28.08 28.08 28.08 28.08 28.08 28.08 28.08 28.08 28.08 28.08 28.08 28.08 28.08 28.08 28.08 28.08 28.08 28.08 28.08 28.08 28.08 28.08 28.08 28.08 28.08 28.08 28.08 28.08 28.08 28.08 28.08 28.08 28.08 28.08 28.08 28.08 28.08 28.08 28.08 28.08 28.08 28.08 28.08 28.08 28.08 28.08 28.08 28.08
 28.04 28.04 28.04 28.04 28.04 28.04 28.04 28.04 28.04 28.04 28.04 28.04 28.04 28.04 28.04 28.04 28.04 28.04 28.04 28.04 28.04 28.04 28.04 28.04 28.04 28.04 28.04 28.04 28.04 28.04 28.04 28.04 28.04 28.04 28.04 28.04 28.04 28.04 28.04 28.04 28.04 28.04 28.04 28.04 28.04 28.04 28.04 28.04 28.04 28.04 28.04 28.04 28.04 28.04 28.04 28.04 28.04 28.04 28.04 28.04 28.04 28.04 28.04 28.04 28.04 28.04 28.04 28.04 28.04 28.04 28.04 28.04 28.04 28.04 28.04 28.04 28.04 28.04 28.04 28.04 28.04 28.04 28.04 28.04 28.04 28.04 28.04 28.04 28.04 28.04 28.04 28.04 28.04 28.04 28.04 28.04 28.04 28.04 28.04 28.04 28.04
 28 28 28 28 28 28 28 28 28 28 28 28 28 28 28 28 28 28 28 28 28 28 28 28 28 28 28 28 28 28 28 28 28 28 28 28 28 28 28 28 28 28 28 28 28 28 28 28 28 28 28 28 28 28 28 28 28 28 28 28 28 28 28 28 28 28 28 28 28 28 28 28 28 28 28 28 28 28 28 28 28 28 28 28 28 28 28 28 28 28 28 28 28 28 28 28 28 28 28 28 28
 27.96 27.96 27.96 27.96 27.96 27.96 27.96 27.96 27.96 27.96 27.96 27.96 27.96 27.96 27.96 27.96 27.96 27.96 27.96 27.96 27.96 27.96 27.96 27.96 27.96 27.96 27.96 27.96 27.96 27.96 27.96 27.96 27.96 27.96 27.96 27.96 27.96 27.96 27.96 27.96 27.96 27.96 27.96 27.96 27.96 27.96 27.96 27.96 27.96 27.96 27.96 27.96 27.96 27.96 27.96 27.96 27.96 27.96 27.96 27.96 27.96 27.96 27.96 27.96 27.96 27.96 27.96 27.96 27.96 27.96 27.96 27.96 27.96 27.96 27.96 27.96 27.96 27.96 27.96 27.96 27.96 27.96 27.96 27.96 27.96 27.96 27.96 27.96 27.96 27.96 27.96 27.96 27.96 27.96 27.96 27.96 27.96 27.96 27.96 27.96 27.96
 27.92 27.92 27.92 27.92 27.92 27.92 27.92 27.92 27.92 27.92 27.92 27.92 27.92 27.92 27.92 27.92 27.92 27.92 27.92 27.92 27.92 27.92 27.92 27.92 27.92 27.92 27.92 27.92 27.92 27.92 27.92 27.92 27.92 27.92 27.92 27.92 27.92 27.92 27.92 27.92 27.92 27.92 27.92 27.92 27.92 27.92 27.92 27.92 27.92 27.92 27.92 27.92 27.92 27.92 27.92 27.92 27.92 27.92 27.92 27.92 27.92 27.92 27.92 27.92 27.92 27.92 27.92 27.92 27.92 27.92 27.92 27.92 27.92 27.92 27.92 27.92 27.92 27.92 27.92 27.92 27.92 27.92 27.92 27.92 27.92 27.92 27.92 27.92 27.92 27.92 27.92 27.92 27.92 27.92 27.92 27.92 27.92 27.92 27.92 27.92 27.92
 27.88 27.88 27.88 27.88 27.88 27.88 27.88 27.88 27.88 27.88 27.88 27.88 27.88 27.88 27.88 27.88 27.88 27.88 27.88 27.88 27.88 27.88 27.88 27.88 27.88 27.88 27.88 27.88 27.88 27.88 27.88 27.88 27.88 27.88 27.88 27.88 27.88 27.88 27.88 27.88 27.88 27.88 27.88 27.88 27.88 27.88 27.88 27.88 27.88 27.88 27.88 27.88 27.88 27.88 27.88 27.88 27.88 27.88 27.88 27.88 27.88 27.88 27.88 27.88 27.88 27.88 27.88 27.88 27.88 27.88 27.88 27.88 27.88 27.88 27.88 27.88 27.88 27.88 27.88 27.88 27.88 27.88 27.88 27.88 27.88 27.88 27.88 27.88 27.88 27.88 27.88 27.88 27.88 27.88 27.88 27.88 27.88 27.88 27.88 27.88 27.88
 27.84 27.84 27.84 27.84 27.84 27.84 27.84 27.84 27.84 27.84 27.84 27.84 27.84 27.84 27.84 27.84 27.84 27.84 27.84 27.84 27.84 27.84 27.84 27.84 27.84 27.84 27.84 27.84 27.84 27.84 27.84 27.84 27.84 27.84 27.84 27.84 27.84 27.84 27.84 27.84 27.84 27.84 27.84 27.84 27.84 27.84 27.84 27.84 27.84 27.84 27.84 27.84 27.84 27.84 27.84 27.84 27.84 27.84 27.84 27.84 27.84 27.84 27.84 27.84 27.84 27.84 27.84 27.84 27.84 27.84 27.84 27.84 27.84 27.84 27.84 27.84 27.84 27.84 27.84 27.84 27.84 27.84 27.84 27.84 27.84 27.84 27.84 27.84 27.84 27.84 27.84 27.84 27.84 27.84 27.84 27.84 27.84 27.84 27.84 27.84 27.84
 27.8 27.8 27.8 27.8 27.8 27.8 27.8 27.8 27.8 27.8 27.8 27.8 27.8 27.8 27.8 27.8 27.8 27.8 27.8 27.8 27.8 27.8 27.8 27.8 27.8 27.8 27.8 27.8 27.8 27.8 27.8 27.8 27.8 27.8 27.8 27.8 27.8 27.8 27.8 27.8 27.8 27.8 27.8 27.8 27.8 27.8 27.8 27.8 27.8 27.8 27.8 27.8 27.8 27.8 27.8 27.8 27.8 27.8 27.8 27.8 27.8 27.8 27.8 27.8 27.8 27.8 27.8 27.8 27.8 27.8 27.8 27.8 27.8 27.8 27.8 27.8 27.8 27.8 27.8 27.8 27.8 27.8 27.8 27.8 27.8 27.8 27.8 27.8 27.8 27.8 27.8 27.8 27.8 27.8 27.8 27.8 27.8 27.8 27.8 27.8 27.8
 27.76 27.76 27.76 27.76 27.76 27.76 27.76 27.76 27.76 27.76 27.76 27.76 27.76 27.76 27.76 27.76 27.76 27.76 27.76 27.76 27.76 27.76 27.76 27.76 27.76 27.76 27.76 27.76 27.76 27.76 27.76 27.76 27.76 27.76 27.76 27.76 27.76 27.76 27.76 27.76 27.76 27.76 27.76 27.76 27.76 27.76 27.76 27.76 27.76 27.76 27.76 27.76 27.76 27.76 27.76 27.76 27.76 27.76 27.76 27.76 27.76 27.76 27.76 27.76 27.76 27.76 27.76 27.76 27.76 27.76 27.76 27.76 27.76 27.76 27.76 27.76 27.76 27.76 27.76 27.76 27.76 27.76 27.76 27.76 27.76 27.76 27.76 27.76 27.76 27.76 27.76 27.76 27.76 27.76 27.76 27.76 27.76 27.76 27.76 27.76 27.76
 27.72 27.72 27.72 27.72 27.72 27.72 27.72 27.72 27.72 27.72 27.72 27.72 27.72 27.72 27.72 27.72 27.72 27.72 27.72 27.72 27.72 27.72 27.72 27.72 27.72 27.72 27.72 27.72 27.72 27.72 27.72 27.72 27.72 27.72 27.72 27.72 27.72 27.72 27.72 27.72 27.72 27.72 27.72 27.72 27.72 27.72 27.72 27.72 27.72 27.72 27.72 27.72 27.72 27.72 27.72 27.72 27.72 27.72 27.72 27.72 27.72 27.72 27.72 27.72 27.72 27.72 27.72 27.72 27.72 27.72 27.72 27.72 27.72 27.72 27.72 27.72 27.72 27.72 27.72 27.72 27.72 27.72 27.72 27.72 27.72 27.72 27.72 27.72 27.72 27.72 27.72 27.72 27.72 27.72 27.72 27.72 27.72 27.72 27.72 27.72 27.72
 27.68 27.68 27.68 27.68 27.68 27.68 27.68 27.68 27.68 27.68 27.68 27.68 27.68 27.68 27.68 27.68 27.68 27.68 27.68 27.68 27.68 27.68 27.68 27.68 27.68 27.68 27.68 27.68 27.68 27.68 27.68 27.68 27.68 27.68 27.68 27.68 27.68 27.68 27.68 27.68 27.68 27.68 27.68 27.68 27.68 27.68 27.68 27.68 27.68 27.68 27.68 27.68 27.68 27.68 27.68 27.68 27.68 27.68 27.68 27.68 27.68 27.68 27.68 27.68 27.68 27.68 27.68 27.68 27.68 27.68 27.68 27.68 27.68 27.68 27.68 27.68 27.68 27.68 27.68 27.68 27.68 27.68 27.68 27.68 27.68 27.68 27.68 27.68 27.68 27.68 27.68 27.68 27.68 27.68 27.68 27.68 27.68 27.68 27.68 27.68 27.68
 27.64 27.64 27.64 27.64 27.64 27.64 27.64 27.64 27.64 27.64 27.64 27.64 27.64 27.64 27.64 27.64 27.64 27.64 27.64 27.64 27.64 27.64 27.64 27.64 27.64 27.64 27.64 27.64 27.64 27.64 27.64 27.64 27.64 27.64 27.64 27.64 27.64 27.64 27.64 27.64 27.64 27.64 27.64 27.64 27.64 27.64 27.64 27.64 27.64 27.64 27.64 27.64 27.64 27.64 27.64 27.64 27.64 27.64 27.64 27.64 27.64 27.64 27.64 27.64 27.64 27.64 27.64 27.64 27.64 27.64 27.64 27.64 27.64 27.64 27.64 27.64 27.64 27.64 27.64 27.64 27.64 27.64 27.64 27.64 27.64 27.64 27.64 27.64 27.64 27.64 27.64 27.64 27.64 27.64 27.64 27.64 27.64 27.64 27.64 27.64 27.64
 27.6 27.6 27.6 27.6 27.6 27.6 27.6 27.6 27.6 27.6 27.6 27.6 27.6 27.6 27.6 27.6 27.6 27.6 27.6 27.6 27.6 27.6 27.6 27.6 27.6 27.6 27.6 27.6 27.6 27.6 27.6 27.6 27.6 27.6 27.6 27.6 27.6 27.6 27.6 27.6 27.6 27.6 27.6 27.6 27.6 27.6 27.6 27.6 27.6 27.6 27.6 27.6 27.6 27.6 27.6 27.6 27.6 27.6 27.6 27.6 27.6 27.6 27.6 27.6 27.6 27.6 27.6 27.6 27.6 27.6 27.6 27.6 27.6 27.6 27.6 27.6 27.6 27.6 27.6 27.6 27.6 27.6 27.6 27.6 27.6 27.6 27.6 27.6 27.6 27.6 27.6 27.6 27.6 27.6 27.6 27.6 27.6 27.6 27.6 27.6 27.6
 27.56 27.56 27.56 27.56 27.56 27.56 27.56 27.56 27.56 27.56 27.56 27.56 27.56 27.56 27.56 27.56 27.56 27.56 27.56 27.56 27.56 27.56 27.56 27.56 27.56 27.56 27.56 27.56 27.56 27.56 27.56 27.56 27.56 27.56 27.56 27.56 27.56 27.56 27.56 27.56 27.56 27.56 27.56 27.56 27.56 27.56 27.56 27.56 27.56 27.56 27.56 27.56 27.56 27.56 27.56 27.56 27.56 27.56 27.56 27.56 27.56 27.56 27.56 27.56 27.56 27.56 27.56 27.56 27.56 27.56 27.56 27.56 27.56 27.56 27.56 27.56 27.56 27.56 27.56 27.56 27.56 27.56 27.56 27.56 27.56 27.56 27.56 27.56 27.56 27.56 27.56 27.56 27.56 27.56 27.56 27.56 27.56 27.56 27.56 27.56 27.56
 27.52 27.52 27.52 27.52 27.52 27.52 27.52 27.52 27.52 27.52 27.52 27.52 27.52 27.52 27.52 27.52 27.52 27.52 27.52 27.52 27.52 27.52 27.52 27.52 27.52 27.52 27.52 27.52 27.52 27.52 27.52 27.52 27.52 27.52 27.52 27.52 27.52 27.52 27.52 27.52 27.52 27.52 27.52 27.52 27.52 27.52 27.52 27.52 27.52 27.52 27.52 27.52 27.52 27.52 27.52 27.52 27.52 27.52 27.52 27.52 27.52 27.52 27.52 27.52 27.52 27.52 27.52 27.52 27.52 27.52 27.52 27.52 27.52 27.52 27.52 27.52 27.52 27.52 27.52 27.52 27.52 27.52 27.52 27.52 27.52 27.52 27.52 27.52 27.52 27.52 27.52 27.52 27.52 27.52 27.52 27.52 27.52 27.52 27.52 27.52 27.52
 27.48 27.48 27.48 27.48 27.48 27.48 27.48 27.48 27.48 27.48 27.48 27.48 27.48 27.48 27.48 27.48 27.48 27.48 27.48 27.48 27.48 27.48 27.48 27.48 27.48 27.48 27.48 27.48 27.48 27.48 27.48 27.48 27.48 27.48 27.48 27.48 27.48 27.48 27.48 27.48 27.48 27.48 27.48 27.48 27.48 27.48 27.48 27.48 27.48 27.48 27.48 27.48 27.48 27.48 27.48 27.48 27.48 27.48 27.48 27.48 27.48 27.48 27.48 27.48 27.48 27.48 27.48 27.48 27.48 27.48 27.48 27.48 27.48 27.48 27.48 27.48 27.48 27.48 27.48 27.48 27.48 27.48 27.48 27.48 27.48 27.48 27.48 27.48 27.48 27.48 27.48 27.48 27.48 27.48 27.48 27.48 27.48 27.48 27.48 27.48 27.48
 27.44 27.44 27.44 27.44 27.44 27.44 27.44 27.44 27.44 27.44 27.44 27.44 27.44 27.44 27.44 27.44 27.44 27.44 27.44 27.44 27.44 27.44 27.44 27.44 27.44 27.44 27.44 27.44 27.44 27.44 27.44 27.44 27.44 27.44 27.44 27.44 27.44 27.44 27.44 27.44 27.44 27.44 27.44 27.44 27.44 27.44 27.44 27.44 27.44 27.44 27.44 27.44 27.44 27.44 27.44 27.44 27.44 27.44 27.44 27.44 27.44 27.44 27.44 27.44 27.44 27.44 27.44 27.44 27.44 27.44 27.44 27.44 27.44 27.44 27.44 27.44 27.44 27.44 27.44 27.44 27.44 27.44 27.44 27.44 27.44 27.44 27.44 27.44 27.44 27.44 27.44 27.44 27.44 27.44 27.44 27.44 27.44 27.44 27.44 27.44 27.44
 27.4 27.4 27.4 27.4 27.4 27.4 27.4 27.4 27.4 27.4 27.4 27.4 27.4 27.4 27.4 27.4 27.4 27.4 27.4 27.4 27.4 27.4 27.4 27.4 27.4 27.4 27.4 27.4 27.4 27.4 27.4 27.4 27.4 27.4 27.4 27.4 27.4 27.4 27.4 27.4 27.4 27.4 27.4 27.4 27.4 27.4 27.4 27.4 27.4 27.4 27.4 27.4 27.4 27.4 27.4 27.4 27.4 27.4 27.4 27.4 27.4 27.4 27.4 27.4 27.4 27.4 27.4 27.4 27.4 27.4 27.4 27.4 27.4 27.4 27.4 27.4 27.4 27.4 27.4 27.4 27.4 27.4 27.4 27.4 27.4 27.4 27.4 27.4 27.4 27.4 27.4 27.4 27.4 27.4 27.4 27.4 27.4 27.4 27.4 27.4 27.4
 27.36 27.36 27.36 27.36 27.36 27.36 27.36 27.36 27.36 27.36 27.36 27.36 27.36 27.36 27.36 27.36 27.36 27.36 27.36 27.36 27.36 27.36 27.36 27.36 27.36 27.36 27.36 27.36 27.36 27.36 27.36 27.36 27.36 27.36 27.36 27.36 27.36 27.36 27.36 27.36 27.36 27.36 27.36 27.36 27.36 27.36 27.36 27.36 27.36 27.36 27.36 27.36 27.36 27.36 27.36 27.36 27.36 27.36 27.36 27.36 27.36 27.36 27.36 27.36 27.36 27.36 27.36 27.36 27.36 27.36 27.36 27.36 27.36 27.36 27.36 27.36 27.36 27.36 27.36 27.36 27.36 27.36 27.36 27.36 27.36 27.36 27.36 27.36 27.36 27.36 27.36 27.36 27.36 27.36 27.36 27.36 27.36 27.36 27.36 27.36 27.36
 27.32 27.32 27.32 27.32 27.32 27.32 27.32 27.32 27.32 27.32 27.32 27.32 27.32 27.32 27.32 27.32 27.32 27.32 27.32 27.32 27.32 27.32 27.32 27.32 27.32 27.32 27.32 27.32 27.32 27.32 27.32 27.32 27.32 27.32 27.32 27.32 27.32 27.32 27.32 27.32 27.32 27.32 27.32 27.32 27.32 27.32 27.32 27.32 27.32 27.32 27.32 27.32 27.32 27.32 27.32 27.32 27.32 27.32 27.32 27.32 27.32 27.32 27.32 27.32 27.32 27.32 27.32 27.32 27.32 27.32 27.32 27.32 27.32 27.32 27.32 27.32 27.32 27.32 27.32 27.32 27.32 27.32 27.32 27.32 27.32 27.32 27.32 27.32 27.32 27.32 27.32 27.32 27.32 27.32 27.32 27.32 27.32 27.32 27.32 27.32 27.32
 27.28 27.28 27.28 27.28 27.28 27.28 27.28 27.28 27.28 27.28 27.28 27.28 27.28 27.28 27.28 27.28 27.28 27.28 27.28 27.28 27.28 27.28 27.28 27.28 27.28 27.28 27.28 27.28 27.28 27.28 27.28 27.28 27.28 27.28 27.28 27.28 27.28 27.28 27.28 27.28 27.28 27.28 27.28 27.28 27.28 27.28 27.28 27.28 27.28 27.28 27.28 27.28 27.28 27.28 27.28 27.28 27.28 27.28 27.28 27.28 27.28 27.28 27.28 27.28 27.28 27.28 27.28 27.28 27.28 27.28 27.28 27.28 27.28 27.28 27.28 27.28 27.28 27.28 27.28 27.28 27.28 27.28 27.28 27.28 27.28 27.28 27.28 27.28 27.28 27.28 27.28 27.28 27.28 27.28 27.28 27.28 27.28 27.28 27.28 27.28 27.28
 27.24 27.24 27.24 27.24 27.24 27.24 27.24 27.24 27.24 27.24 27.24 27.24 27.24 27.24 27.24 27.24 27.24 27.24 27.24 27.24 27.24 27.24 27.24 27.24 27.24 27.24 27.24 27.24 27.24 27.24 27.24 27.24 27.24 27.24 27.24 27.24 27.24 27.24 27.24 27.24 27.24 27.24 27.24 27.24 27.24 27.24 27.24 27.24 27.24 27.24 27.24 27.24 27.24 27.24 27.24 27.24 27.24 27.24 27.24 27.24 27.24 27.24 27.24 27.24 27.24 27.24 27.24 27.24 27.24 27.24 27.24 27.24 27.24 27.24 27.24 27.24 27.24 27.24 27.24 27.24 27.24 27.24 27.24 27.24 27.24 27.24 27.24 27.24 27.24 27.24 27.24 27.24 27.24 27.24 27.24 27.24 27.24 27.24 27.24 27.24 27.24
 27.2 27.2 27.2 27.2 27.2 27.2 27.2 27.2 27.2 27.2 27.2 27.2 27.2 27.2 27.2 27.2 27.2 27.2 27.2 27.2 27.2 27.2 27.2 27.2 27.2 27.2 27.2 27.2 27.2 27.2 27.2 27.2 27.2 27.2 27.2 27.2 27.2 27.2 27.2 27.2 27.2 27.2 27.2 27.2 27.2 27.2 27.2 27.2 27.2 27.2 27.2 27.2 27.2 27.2 27.2 27.2 27.2 27.2 27.2 27.2 27.2 27.2 27.2 27.2 27.2 27.2 27.2 27.2 27.2 27.2 27.2 27.2 27.2 27.2 27.2 27.2 27.2 27.2 27.2 27.2 27.2 27.2 27.2 27.2 27.2 27.2 27.2 27.2 27.2 27.2 27.2 27.2 27.2 27.2 27.2 27.2 27.2 27.2 27.2 27.2 27.2
 27.16 27.16 27.16 27.16 27.16 27.16 27.16 27.16 27.16 27.16 27.16 27.16 27.16 27.16 27.16 27.16 27.16 27.16 27.16 27.16 27.16 27.16 27.16 27.16 27.16 27.16 27.16 27.16 27.16 27.16 27.16 27.16 27.16 27.16 27.16 27.16 27.16 27.16 27.16 27.16 27.16 27.16 27.16 27.16 27.16 27.16 27.16 27.16 27.16 27.16 27.16 27.16 27.16 27.16 27.16 27.16 27.16 27.16 27.16 27.16 27.16 27.16 27.16 27.16 27.16 27.16 27.16 27.16 27.16 27.16 27.16 27.16 27.16 27.16 27.16 27.16 27.16 27.16 27.16 27.16 27.16 27.16 27.16 27.16 27.16 27.16 27.16 27.16 27.16 27.16 27.16 27.16 27.16 27.16 27.16 27.16 27.16 27.16 27.16 27.16 27.16
 27.12 27.12 27.12 27.12 27.12 27.12 27.12 27.12 27.12 27.12 27.12 27.12 27.12 27.12 27.12 27.12 27.12 27.12 27.12 27.12 27.12 27.12 27.12 27.12 27.12 27.12 27.12 27.12 27.12 27.12 27.12 27.12 27.12 27.12 27.12 27.12 27.12 27.12 27.12 27.12 27.12 27.12 27.12 27.12 27.12 27.12 27.12 27.12 27.12 27.12 27.12 27.12 27.12 27.12 27.12 27.12 27.12 27.12 27.12 27.12 27.12 27.12 27.12 27.12 27.12 27.12 27.12 27.12 27.12 27.12 27.12 27.12 27.12 27.12 27.12 27.12 27.12 27.12 27.12 27.12 27.12 27.12 27.12 27.12 27.12 27.12 27.12 27.12 27.12 27.12 27.12 27.12 27.12 27.12 27.12 27.12 27.12 27.12 27.12 27.12 27.12
 27.08 27.08 27.08 27.08 27.08 27.08 27.08 27.08 27.08 27.08 27.08 27.08 27.08 27.08 27.08 27.08 27.08 27.08 27.08 27.08 27.08 27.08 27.08 27.08 27.08 27.08 27.08 27.08 27.08 27.08 27.08 27.08 27.08 27.08 27.08 27.08 27.08 27.08 27.08 27.08 27.08 27.08 27.08 27.08 27.08 27.08 27.08 27.08 27.08 27.08 27.08 27.08 27.08 27.08 27.08 27.08 27.08 27.08 27.08 27.08 27.08 27.08 27.08 27.08 27.08 27.08 27.08 27.08 27.08 27.08 27.08 27.08 27.08 27.08 27.08 27.08 27.08 27.08 27.08 27.08 27.08 27.08 27.08 27.08 27.08 27.08 27.08 27.08 27.08 27.08 27.08 27.08 27.08 27.08 27.08 27.08 27.08 27.08 27.08 27.08 27.08
 27.04 27.04 27.04 27.04 27.04 27.04 27.04 27.04 27.04 27.04 27.04 27.04 27.04 27.04 27.04 27.04 27.04 27.04 27.04 27.04 27.04 27.04 27.04 27.04 27.04 27.04 27.04 27.04 27.04 27.04 27.04 27.04 27.04 27.04 27.04 27.04 27.04 27.04 27.04 27.04 27.04 27.04 27.04 27.04 27.04 27.04 27.04 27.04 27.04 27.04 27.04 27.04 27.04 27.04 27.04 27.04 27.04 27.04 27.04 27.04 27.04 27.04 27.04 27.04 27.04 27.04 27.04 27.04 27.04 27.04 27.04 27.04 27.04 27.04 27.04 27.04 27.04 27.04 27.04 27.04 27.04 27.04 27.04 27.04 27.04 27.04 27.04 27.04 27.04 27.04 27.04 27.04 27.04 27.04 27.04 27.04 27.04 27.04 27.04 27.04 27.04

