 517.98 -350.563 114.494 -121.094 -49.295 27.3577 7.34338 0.974876 -20.0999 5.18385 8.90843 -11.026 -9.69037 -7.53865 -7.02665 13.5762 5.7065 -15.9064 -3.92409 -7.84312 -6.11373 5.00521 7.45225 7.55096 6.54023 -4.84689 -11.0183 5.0232 6.06132 -7.69994 1.35294 -1.11064 1.78062 2.23599 0.686612 -0.37253 -1.34119 -0.529589 -0.394468 0.041617 -0.935045 -0.16934 -0.476548 0.400746 0.047604 0.037787 -0.142054 0.405657 -0.232047 -0.364882 0.00893697
 508.488 -317.068 95.7775 -87.9962 -32.5356 12.7368 3.73722 0.277934 -6.61302 2.3802 0.583108 -3.48194 -2.38235 0.497396 2.27896 0.64693 -4.2531 2.29771 -8.14821 -2.73606 1.65811 3.62995 10.0439 8.26249 9.06971 3.75799 -7.87416 4.8869 -3.18687 -3.974 -3 6.79337 2.12931 0.804741 -1.74902 -0.650952 0.946915 0.97713 0.321696 -0.384883 0.537001 0.275011 -0.279022 0.242814 0.133207 -0.153266 -0.00469429 -0.0726335 -0.0795813 0.0339458 -0.000831428
 512.779 -316.604 105.34 -90.4166 -38.5653 16.6807 9.96833 -2.54163 -9.04615 3.56295 5.28347 -4.04757 -1.25655 -2.24283 -5.0592 4.33231 3.3218 -3.88431 1.18895 -1.08936 -1.53701 0.263317 0.872137 2.12544 7.41655 8.77884 -4.18542 -4.19311 -2.57015 14.8609 4.82421 -11.2931 -5.27121 -0.970685 0.517741 0.652923 0.56564 0.0562309 -0.00598546 -0.0229602 0.414403 -0.070468 0.198806 -0.1957 -0.0883533 0.0656214 0.0756227 -0.10289 0.125907 0.0175638 -0.000430187
 516.853 -315.988 113.49 -91.8765 -42.7437 19.6581 14.6383 -5.29546 -9.422 4.20148 7.98637 -3.10576 1.42473 -2.78801 -9.81184 4.36482 7.81763 -4.16343 9.12671 2.17688 -2.95757 -4.21315 -9.11214 -7.79097 -6.28181 0.971055 7.73236 -5.17727 -1.19746 7.08085 1.93572 -4.71816 -2.90979 -1.11695 0.628769 0.336453 0.202379 -0.191509 -0.0308956 0.178338 0.122992 -0.111104 0.334132 -0.282111 -0.10679 0.0887429 0.0498194 -0.120355 0.150456 0.0767842 -0.00188066
 517.022 -306.822 112.376 -85.1677 -40.1308 18.8854 15.5264 -6.71389 -7.37578 3.71393 8.05161 -1.53186 3.32381 -2.34027 -10.1605 2.91572 7.97772 -2.51536 10.9725 3.99659 -2.38564 -5.46723 -11.1568 -9.43119 -7.87112 1.86147 10.0936 -6.85741 -1.85321 9.30513 2.15519 -5.91034 -3.73372 -1.74617 0.761665 0.498089 -0.205851 -0.577504 -0.12349 0.0888568 -0.152696 0.183083 0.0829506 -0.0404217 0.0724314 -0.101051 0.00614103 -0.0980158 0.00943681 0.24958 -0.00611291
 500.924 -260.698 77.1492 -42.0643 -13.2879 1.50685 5.67631 -4.6186 6.23736 -0.22847 -2.24684 4.92455 7.2416 4.71785 1.30313 -8.22567 -1.79098 10.9245 5.42465 6.46351 2.48807 -5.34868 -10.4465 -13.0588 -24.5826 -20.9841 17.3961 3.27885 7.74167 -25.1861 -6.6009 16.8139 8.26049 1.51604 0.296509 -0.951526 -0.0509343 0.144443 0.148035 0.134784 0.132043 -0.0899326 0.092893 -0.0833092 -0.0529346 0.0586427 0.0169495 -0.00695024 0.0339693 -0.0306152 0.000749852
 491.584 -230.545 55.0303 -11.9738 6.39974 -11.7448 -1.75019 -3.63262 19.2105 -4.09014 -12.1628 11.7497 12.0105 13.089 16.4219 -21.8228 -19.5963 32.7191 -11.7248 8.25605 15.0889 -0.160398 11.709 7.71975 9.83756 15.6359 -0.546569 1.55326 -14.828 4.09973 -7.51585 13.4796 1.35464 -2.64978 -4.46017 -0.333403 -1.01424 -0.0656226 0.0581229 0.332322 -1.55777 -0.377299 0.310243 -0.260591 -0.15326 0.207266 -0.0247954 0.12826 0.0673183 -0.0999303 0.00244757
 473.804 -183.388 19.5258 24.5123 27.3207 -21.8119 -9.52929 -0.202632 19.079 -5.25211 -12.4118 8.58 4.82424 7.29882 13.0017 -11.3707 -9.66946 10.3325 -5.33227 1.7046 4.95338 1.72018 3.78862 2.92033 2.9267 1.57266 -2.27834 0.96892 -0.679744 0.294692 -0.618065 0.708181 0.340347 0.060276 -0.251209 0.142347 1.19157 0.697298 0.323116 -0.438697 0.999061 0.366114 -0.262902 0.213289 0.156121 -0.212852 0.0347167 -0.108037 -0.0812308 0.147876 -0.0036219
 463.594 -153.734 -0.821412 45.5841 38.6246 -26.0368 -13.015 1.44314 17.2157 -5.56762 -10.76 5.82563 -0.00694061 2.37115 8.71257 -3.14149 -1.88154 -5.11413 -0.265064 -2.34785 -1.73565 2.31609 -0.440322 1.10767 3.48086 3.44947 -1.46659 1.58892 -4.25452 -0.215758 -2.80932 4.66753 0.391269 0.3976 -1.03846 -0.312766 2.14412 1.36187 0.578181 -0.550963 1.49694 0.447008 -0.267617 0.19998 0.149813 -0.235689 0.0593058 -0.193564 0.00108446 0.172013 -0.00421308
 465.955 -150.037 -1.27163 53.5345 45.7382 -31.2223 -14.7811 -0.0748416 28.4571 -8.39016 -17.9259 13.5736 8.00714 10.8791 19.8369 -18.1344 -15.4894 17.2395 -8.57342 3.69334 8.01447 2.96322 4.43218 3.17002 -3.52186 -15.5286 -7.64187 -2.72532 22.7484 1.39206 13.4385 -26.4655 -2.15193 1.89742 6.39057 1.95956 -1.95248 -1.80203 -0.872401 0.206784 -0.194125 -0.138487 0.0744723 -0.0568506 -0.0495573 0.0724966 -0.0110723 0.058104 0.0231945 -0.0514494 0.00126014
 454.242 -117.613 -23.0532 72.793 54.1935 -31.7355 -16.5038 2.27858 19.8236 -7.15154 -11.1475 6.15105 -1.59041 0.168382 7.79722 -0.102159 1.46488 -12.9341 2.4857 -3.91108 -4.80542 2.57823 -3.44318 -0.314416 1.55388 -0.173127 -1.85483 0.641352 -0.027523 -0.159119 -0.310709 -0.517016 -0.381681 0.859609 0.363851 0.00459311 0.782701 0.416548 0.154717 -0.213973 0.596791 0.184043 -0.173288 0.148117 0.0965321 -0.115579 -0.0170869 -0.017307 -0.0707535 0.0777294 -0.00190381
 449.178 -100.045 -33.7724 84.8316 60.3684 -33.4896 -17.8175 2.88303 18.829 -7.40131 -9.81897 4.87109 -3.83845 -2.60385 5.03756 4.2239 5.86056 -20.8518 5.62671 -5.64896 -8.19459 2.52417 -5.88344 -1.4446 1.79561 1.47888 -0.875653 0.739235 -2.69808 -0.197064 -1.85934 2.15928 -0.394444 0.688789 -0.229396 -0.230987 0.231608 0.169738 0.0528061 0.0739032 -0.0684773 -0.126121 0.0219972 -0.0215072 -0.0420201 0.0633656 -0.029122 0.0782694 0.00997609 -0.0863669 0.00211537
 446.264 -87.4202 -40.2132 93.4277 64.9137 -34.8052 -18.6868 2.8798 19.1328 -7.78713 -9.32495 4.75476 -4.40055 -3.79978 3.90534 5.89724 7.66438 -24.0711 7.19116 -6.0351 -9.51706 2.28402 -7.16612 -2.04413 1.84631 2.71463 -0.106062 0.510114 -4.30321 0.237733 -2.72574 3.32029 -0.529199 0.331385 -0.50004 -0.324345 -0.304203 -0.137356 -0.0447988 0.227893 -0.570553 -0.143804 0.114054 -0.0950761 -0.0708569 0.0855607 0.0105896 0.0569391 0.0600583 -0.0271179 0.000664193
 443.924 -75.9154 -45.6811 101.185 69.3686 -35.9358 -19.7275 2.47433 19.6452 -8.30183 -9.06008 5.08407 -4.72898 -4.66296 3.18266 6.81431 9.07715 -26.3562 8.47911 -6.13831 -10.6098 2.20337 -8.31795 -2.63573 1.09284 1.88007 0.192974 -0.0414094 -3.20013 0.465381 -2.15021 1.75094 -0.743073 0.336745 -0.120217 -0.283187 -1.01206 -0.631953 -0.240397 0.412616 -1.08837 -0.222663 0.211308 -0.168923 -0.0942424 0.130613 -0.00197589 0.0595336 0.0469872 -0.0488802 0.00119721
 426.442 -36.8451 -65.3633 103.156 54.5574 -16.7934 -10.3732 5.2456 -14.9108 1.5679 12.8714 -11.4023 -12.5427 -14.3953 -23.7086 18.6211 7.77423 15.5277 -3.89258 4.31456 8.81815 -16.7922 21.4576 2.76849 -4.07753 -0.322428 5.04816 -2.45415 0.289064 -1.19729 6.37778 0.331972 0.95742 -4.51287 -2.7907 -2.4163 -0.129269 0.237057 0.190704 -0.14593 0.221836 -0.00571182 -0.024139 0.00987764 0.00110482 -0.00536816 -0.00329704 0.0498997 0.0269057 0.0201252 -0.000492923
 423.421 -25.2018 -70.7359 109.091 56.7423 -16.3471 -10.4921 5.16442 -17.1253 1.91934 14.8711 -12.4316 -13.4873 -16.0694 -26.4891 20.7247 9.25686 15.6116 -3.42294 4.77267 8.87012 -18.1999 22.2114 2.54379 -4.72948 -0.24396 5.86491 -2.94406 0.262764 -1.00291 6.7 0.0549106 0.922505 -5.05161 -2.87114 -2.62437 -0.551304 -0.0282757 0.108889 -0.0641462 -0.0775205 -0.0119599 0.0136613 -0.0158192 -0.00535337 0.00404127 0.0138848 0.00835848 0.0210165 0.0221785 -0.000543215
 403.655 14.8238 -85.5173 98.3119 30.0152 8.93632 2.42087 6.05361 -39.2343 9.90627 23.7685 -15.777 -6.95583 -7.76592 -22.6883 8.78753 -0.221745 28.3169 -8.82761 5.56306 6.56025 18.5236 -21.7173 0.805159 3.63539 -1.22392 -4.86652 3.59099 1.56879 0.0671744 -22.0947 -4.99686 -10.4928 15.4605 7.35373 5.61616 4.36121 -0.0888325 -0.638906 -1.3065 -0.245179 -0.0529686 -0.00148916 -0.0379636 0.00283036 -0.00257025 0.0190535 0.068699 0.054056 0.0451028 -0.00110469
 383.898 51.747 -95.5086 82.9096 3.56481 29.627 12.8823 5.29104 -43.0848 12.9721 20.7069 -10.5375 2.4026 3.55487 -6.44875 -5.16819 -4.77089 12.1182 -5.12503 1.58451 -2.24459 20.4475 -23.7795 -1.34375 4.7371 1.53011 -4.90219 4.8809 2.61485 5.12692 13.1539 7.14761 13.6566 -10.7766 -1.05503 0.649913 -2.38571 0.157701 0.589897 3.06054 0.233814 0.237225 0.258984 0.09151 0.0824222 0.0480255 -0.332704 -1.03774 -0.971584 -0.793562 0.0194366
 361.204 90.7747 -103.041 62.5781 -24.2203 46.8718 21.3114 3.51016 -34.8063 12.4005 11.7503 -3.7573 8.14129 10.4021 6.88828 -12.5241 -5.34948 -5.66619 0.359721 -1.79729 -6.65825 3.01872 -1.33194 -1.75688 0.468782 1.82584 -1.01931 1.63958 0.909692 2.20042 4.48723 2.81121 4.94362 -2.15234 -0.727445 -0.110797 -2.81156 -0.273222 -0.0498637 0.215722 0.373355 0.00262491 -0.0163993 0.006969 -0.0125835 0.00386766 0.0223596 -0.01747 0.00830483 -0.0300242 0.000735377
 349.883 112.173 -107.449 55.8484 -34.9804 52.8208 23.9591 2.44547 -31.2902 11.9988 8.43513 -0.755612 10.3883 12.3308 11.1341 -14.616 -5.13772 -11.8635 2.35058 -2.31148 -7.93706 -6.75582 10.5234 -1.99042 -2.43238 1.69786 1.65504 -0.154422 0.153507 0.18916 -1.67289 0.192125 -0.0158755 2.82552 -0.124441 -0.664231 -2.93402 -0.642857 -0.467573 -1.3317 0.26139 -0.0997772 -0.0999188 -0.0726919 -0.0590435 -0.0196271 0.210722 0.42674 0.503546 0.370955 -0.00908572
 326.803 145.61 -106.497 30.808 -54.285 54.3802 23.8444 -0.995208 -2.10033 3.79152 -5.48767 3.8783 4.05768 3.47731 5.39896 -3.74933 -1.11848 -5.60207 2.52081 -0.67383 0.504775 -3.37283 4.96268 -0.371496 -1.34787 0.249028 -0.773076 -0.76116 -0.408259 -1.3343 -0.635445 -1.27772 -1.2167 0.0741298 -0.238333 0.51263 0.854088 -0.0562117 -0.0396339 -0.315195 0.128042 -0.0120723 -0.0918163 0.0254086 -0.00817281 -0.0203031 0.0520029 0.189057 0.175469 0.123662 -0.00302882
 296.545 181.137 -94.2993 -4.42879 -59.3961 32.7295 12.5548 -3.65604 23.2233 -6.54481 0.979479 -3.15047 -0.609095 -2.12267 -2.54144 -2.91318 -2.71959 -2.55079 4.07361 -1.92155 6.98162 -0.91055 0.191847 0.783671 -0.0062049 -2.31389 -2.11484 -2.8434 -3.32686 -3.12263 -0.0380105 -1.99608 -2.64494 0.128987 -1.62617 2.6171 0.659833 0.0955638 0.326668 -0.0965587 -0.136182 -0.141323 -0.120593 0.0814723 -0.00779846 0.0260747 -0.0735311 0.383206 0.114101 0.0865864 -0.00212074
 306.261 176.546 -112.133 22.1867 -68.921 57.0319 23.3107 -2.66072 5.63349 2.50517 -12.5083 5.23963 1.54096 2.77955 5.76425 -1.74568 0.498214 -5.16733 3.60577 -1.00766 1.51866 -3.09443 4.97793 -1.13294 -1.73957 -0.155252 -0.765053 -1.17842 -1.09787 -1.53996 -0.717533 -1.49591 -1.60194 0.724992 -0.689804 0.456408 1.85166 0.42059 -0.145282 -0.134146 -0.122941 -0.0153162 -0.0231416 -0.0144243 -0.0171143 -0.00680744 0.0558369 0.130011 0.140901 0.121056 -0.00296499
 296.108 187.399 -113.145 19.0399 -75.5766 55.7266 20.5042 -3.61156 5.48438 3.01958 -15.3214 5.48136 0.248643 3.62306 6.71321 -1.95456 1.29761 -5.19372 3.72468 -1.18659 0.255823 -3.97748 7.21393 -1.64062 -2.15065 -0.127963 -0.292485 -1.32769 -1.11937 -1.30763 -1.26944 -1.6429 -1.79183 2.07131 -0.827275 -0.307559 1.99626 0.722516 -0.329144 -0.264512 -0.207249 -0.021792 0.0703159 -0.109688 -0.047844 0.00762382 0.116935 0.0694501 0.208572 0.175164 -0.00429026
 266.794 215.331 -93.7261 -14.0605 -75.0406 23.9282 -0.0138365 -8.44473 20.2497 -5.44088 -2.41303 -0.823205 -2.31946 -0.841622 -0.796778 -3.47811 -1.04784 -2.90739 0.67529 0.264262 -0.358064 -1.79893 2.14193 0.50955 -0.414706 -1.33988 -0.673959 -1.6907 -1.20476 -0.847507 -0.28301 -0.617303 -2.02489 0.553783 -0.0383456 -2.11033 0.389589 0.212482 0.0589266 -0.12875 -0.0107989 0.129831 0.0226893 -0.00989819 0.0532606 -0.0563379 0.0243105 -0.200939 -0.0869073 0.0100485 -0.000246117
 231.737 243.055 -69.5748 -51.9598 -64.2505 -16.0193 -19.6683 -8.37005 22.8522 -9.3405 9.91501 -6.16999 -0.601525 0.472185 1.28607 1.5231 2.73598 -0.670726 0.749858 1.97078 3.98895 0.235226 -0.632154 -0.0636688 -0.368744 -1.54565 -1.48862 -1.07126 -1.41145 -0.530782 0.487728 -0.190525 -0.563379 -0.231316 -0.419778 0.604592 -0.102592 0.375689 0.513019 -4.05871e-05 -0.192527 0.00828813 -0.012466 0.0324162 0.0306246 -0.00809941 -0.0564223 -0.0312152 -0.106878 -0.0599132 0.00146744
 193.354 264.296 -41.0252 -85.315 -46.6593 -53.9881 -34.9863 -4.83603 9.86486 -6.45264 13.6965 -3.46502 3.3423 1.42354 5.00228 7.62835 5.075 1.73128 -4.89832 4.45572 -0.261683 -0.457347 -3.03551 2.15995 1.20576 -2.1964 0.604043 -1.24757 -0.79863 1.7715 -0.475459 0.675911 -0.298414 -0.926242 1.72946 -1.30989 -0.711395 -0.220804 0.485361 0.0116297 -0.194288 -0.0073539 -0.0317627 0.0352351 0.00426513 0.00420737 -0.0104666 0.0588238 0.000726357 0.0157691 -0.000386231
 183.143 272.895 -41.71 -87.9044 -53.3969 -57.6713 -40.113 -6.19972 10.2053 -6.13982 11.18 -5.0473 0.635769 2.59533 5.57419 7.42193 5.71226 2.88251 -4.44139 3.43205 -0.71026 0.742263 -2.38083 0.788081 0.725843 -2.79936 0.237443 -1.09248 -0.505339 1.85973 -0.277494 -0.0758006 0.38326 -0.346328 1.41087 -1.36683 -0.424553 0.340249 0.397692 0.0325253 -0.142081 0.019277 0.050053 -0.037331 -0.027623 0.0172833 0.0288994 -0.099739 0.000323989 -0.0516293 0.00126455
 135.004 288.004 -1.27388 -103.394 -5.90899 -62.5281 -22.2595 5.79896 -15.5354 4.92086 -11.814 3.85622 -3.34698 -0.754332 -2.59935 1.60991 -2.73073 1.88598 7.52609 -13.1234 8.23681 0.581568 -0.745821 -0.659422 5.7346 0.649778 7.43123 -0.0994431 -0.520013 -4.00696 0.808859 -3.04191 2.64737 -1.39666 -5.30189 8.08607 0.313317 0.208825 -0.0950609 0.0861384 0.0615723 -0.00782259 0.0240195 -0.0151235 -0.00947849 0.0144393 -0.0184434 -0.0966987 -0.0894482 -0.12484 0.00305768
 116.212 298.965 4.95043 -116.421 -17.6188 -81.2451 -41.4178 0.402134 -12.8709 2.29935 -2.48384 7.67536 1.55147 -2.29165 0.826657 6.62231 -0.360522 6.21117 -14.5218 3.3976 -14.8558 -0.632817 -6.08487 5.01598 3.36667 2.84765 10.0503 6.8789 8.75637 6.55433 -2.45782 4.87012 -4.07436 -0.54672 7.63512 -13.1052 -1.44526 -2.227 -0.610374 0.312909 -0.107246 -0.0578213 -0.122911 0.107436 0.0548039 -0.0211708 -0.1102 0.264612 -0.0499991 0.0802455 -0.00196544
 45.5204 296.509 52.3683 -109.046 38.3552 -53.631 -3.31318 11.622 -21.5504 7.00561 -18.3814 8.67347 -3.25192 -4.9033 -7.23955 -2.63748 -3.28118 3.13401 -1.27604 -1.71523 -5.54386 1.63903 0.108429 -1.36599 -2.91132 3.28596 -2.8536 2.64883 1.08922 -1.53459 -1.0333 -1.15727 1.06646 -0.371746 -0.953181 -1.15099 0.647852 0.200158 -0.282248 0.00434868 0.567216 0.0496996 0.12345 -0.103118 -0.0557334 0.0250135 0.0779965 -0.289515 0.0214717 -0.120096 0.00294149
 -10.3389 278.953 61.7668 -89.0621 51.95 -28.2 15.0866 12.7562 -12.6409 4.38884 -16.4378 -0.118631 -5.4647 -0.956234 -4.61021 -2.5125 -2.35605 0.524923 5.00869 -5.785 3.95097 1.0638 1.59742 -1.3463 -0.677624 1.02295 -1.66804 -1.432 -0.239828 -0.93755 0.827662 0.0745141 1.37909 0.367826 -1.66944 3.42523 0.466443 0.236826 -0.14768 0.0127864 0.103022 0.00105843 0.0456015 -0.0275211 -0.0224752 0.0158115 0.00148308 -0.0914143 -0.00359261 -0.0566762 0.00138816
 -79.2588 261.021 85.002 -66.1615 74.3337 3.63099 37.7987 13.1712 -1.87793 0.272527 -10.8641 -6.2485 -4.95927 0.927202 -2.34556 -3.8643 0.753712 -0.839208 3.93656 0.842241 1.52723 1.65549 2.23115 0.646765 -1.5756 -0.721486 -1.96823 1.02309 -1.88008 -0.943815 2.11479 0.250227 0.420114 1.42489 -1.06172 2.04373 0.474403 0.443127 -0.0550461 0.00297172 0.0824298 -0.106389 0.0207597 0.0106021 -0.00323399 0.0333163 -0.0582931 0.153219 0.00755211 0.0614322 -0.00150465
 -138.063 245.11 98.5836 -53.9877 86.9506 19.9126 50.7326 15.9917 5.03028 -1.17431 -7.92232 -12.147 -4.62081 3.33479 0.727251 -1.59737 -0.43723 -1.5861 0.488795 -1.27993 2.65565 0.294461 1.06754 -0.858453 -2.53839 -1.05671 -3.06875 -0.240972 -1.00815 0.954917 1.72578 1.54578 -1.45868 0.505688 -0.107871 1.74629 0.38927 0.0586103 0.117671 -0.0344705 0.180318 -0.0462117 0.0179622 0.0104168 0.0482345 -0.012209 -0.0565459 0.149499 -0.0496498 0.15377 -0.00376625
 -205.333 221.627 110.132 -34.1692 90.8899 37.0111 56.7191 14.0664 14.9246 -5.37427 3.62588 -11.7919 2.02964 2.02896 3.80186 2.65608 0.285929 1.48059 -0.621582 -2.63665 -0.308425 0.309352 0.959941 -0.648763 -2.5463 -0.281084 -2.55168 -0.400247 -1.69644 -0.316076 1.3156 1.62311 -1.39966 -0.176168 1.0475 1.06646 0.0579318 -0.301308 0.24335 -0.0148818 0.0511964 -0.0142513 -0.034116 -0.0112311 -0.0460932 0.0200441 0.0546629 0.0719958 0.133513 -0.00154134 3.77518e-05
 -283.228 190.565 116.658 -6.39308 80.748 52.0826 48.368 2.48697 23.2762 -10.6937 21.1762 2.74179 16.2259 -6.55424 1.27295 6.14652 -1.43216 0.890474 1.60974 -2.7412 -0.177453 -1.18192 0.390847 2.0823 -1.71117 -1.50925 -2.45748 1.52485 -0.86587 1.20631 -1.56581 0.441658 -0.913464 -2.09964 1.1273 1.11328 -0.427845 -0.850754 0.410936 -0.0339529 0.0121827 -0.00200743 0.000777424 -0.0227748 -0.0217119 0.00733687 0.0186501 -0.0649599 -0.0363679 -0.111099 0.00272112
 -383.179 139.638 110.486 29.8396 43.022 53.0795 13.1719 -18.8828 18.2608 -10.9901 29.8649 25.689 25.3324 -17.0966 -9.24776 1.22643 -5.92332 -11.5146 -4.64471 15.916 6.56149 -8.39208 -8.31243 8.60243 2.39138 3.92899 -0.338471 -0.263165 3.95469 -1.84742 1.07349 1.66791 -3.08773 0.273776 2.20865 0.121434 -1.72116 -1.07629 0.306044 0.0798284 -0.501501 0.0440996 -0.141971 0.130806 0.0854192 -0.0468857 -0.0932099 0.12752 -0.0672113 0.0622178 -0.00152389
 -462.53 109.135 118.703 40.4652 16.7865 37.0599 -16.9681 -28.1031 4.8812 -5.03818 19.4914 21.938 13.1269 -10.9513 -7.03147 0.372104 -2.07887 -7.81583 -4.93696 11.4263 2.59629 -5.66736 -3.51095 0.597071 3.29256 3.73582 -1.31064 -1.99947 0.179503 -3.99132 -8.99854 -8.35711 8.21273 -6.89486 1.77319 -1.60574 -1.82744 -0.831182 -0.0932418 0.0740642 -0.380579 0.287061 0.0318372 0.0101017 0.0699168 -0.0882019 0.0755986 -0.581551 -0.241785 -0.188645 0.00462045
 -540.952 72.5659 135.57 58.3555 -13.8639 24.7307 -47.9777 -37.7359 -12.9552 4.11702 -3.44634 5.62434 -13.2503 4.33902 -0.362701 -5.1228 7.32686 1.15609 1.61952 2.36837 -3.85625 6.11603 5.73683 -6.05428 5.76875 -1.85092 -1.59365 -1.53004 1.21506 0.389196 3.92992 -1.75055 10.5652 12.4831 -6.1228 -2.60366 2.21558 7.07609 -1.50299 0.0334747 0.149928 -0.176831 0.314212 -0.196147 -0.0611182 0.10541 -0.123152 -0.0234833 0.113143 0.0783856 -0.00191988
 -586.276 49.7489 125.509 66.6131 -21.4161 20.2232 -45.6251 -31.339 -13.207 5.38822 -6.26476 -0.372502 -16.1199 6.30252 1.0363 -5.60693 8.72832 4.6212 10.0378 2.68668 -7.03815 10.3822 7.49046 0.839497 2.24438 -1.87014 0.0785474 -3.27517 2.21096 -1.33392 1.49966 1.049 1.08923 4.03711 -3.4057 -0.544078 0.621225 -1.49205 -0.0198142 0.0154609 -0.507779 0.039381 -0.0586955 0.00899344 0.0374894 -0.0312852 0.0104722 0.01473 -0.0632584 -0.0529254 0.00129629
 -629.893 23.7357 115.694 71.5355 -27.8425 16.5014 -43.3895 -25.1498 -11.2048 6.28184 -8.07274 -5.47297 -17.2983 8.80054 3.81254 -3.19563 5.46008 4.87652 7.19226 -2.02987 -5.47504 8.17475 6.2182 -0.451268 1.29814 -2.79222 0.60948 -1.26 1.27997 -1.05961 0.665416 3.00117 -6.55146 -3.41969 0.322156 0.755468 -0.699513 -2.354 0.272486 -0.0190974 -0.434335 0.112882 -0.325025 0.16647 0.0182272 -0.0857608 0.129876 0.151862 0.0304554 -0.080158 0.00196329
 -659.841 8.55294 119.274 76.1823 -26.4186 27.6815 -41.265 -19.2587 -1.0229 6.68074 0.63702 -2.97241 -8.12908 5.56681 4.96253 6.02396 -7.394 -4.0675 -14.6187 -8.62171 6.94065 -4.32064 -0.84331 -11.943 3.20139 -2.23819 0.0182866 3.95496 -3.54102 1.9101 0.86426 -0.333686 1.09035 1.14302 0.835001 -0.325052 1.09974 4.56352 -0.532857 -0.14036 0.871573 -0.170505 0.0834598 -0.0280889 -0.0452513 0.0367171 0.0383339 0.162485 -0.0346103 0.0995919 -0.00243929
 -701.436 -23.1724 90.2981 73.5536 -38.3774 10.6483 -31.4434 4.90004 2.19212 14.0187 -4.16898 -10.0122 -4.48421 0.367836 6.1597 7.6632 -11.8251 -2.20454 -1.38782 -2.01444 1.73546 1.95333 0.000596954 0.99322 -4.40521 0.305846 2.81729 0.191445 -1.29635 1.05924 -0.0210395 0.792419 -2.67555 -1.68583 1.14735 0.52461 -0.142307 -2.72222 0.510357 -0.119913 -0.0342167 0.228025 -0.245515 0.161706 0.0468604 -0.0998587 -0.0057848 0.0173761 0.0823606 0.156167 -0.00382496
 -762.114 -83.8893 33.1023 59.5007 -58.8754 -30.2624 -4.57329 59.1215 9.27394 18.7692 -8.4646 -14.9238 4.237 -3.71667 5.03979 6.99388 -11.627 2.36681 2.4967 -0.573911 -1.12954 -3.80239 -2.65641 -0.614619 -3.54082 0.258484 1.09811 1.81756 -1.05768 1.72803 0.444466 0.878515 -2.38661 -1.05219 1.2303 0.0833891 0.224887 -0.96474 0.281392 -0.0490186 0.322763 0.0782731 0.109053 -0.0644656 -0.040119 0.000194061 0.141062 -0.0748327 0.24771 0.15615 -0.00382456
 -793.776 -105.45 -2.9697 43.6172 -45.4309 -36.6281 14.598 44.4827 3.68173 1.40761 -4.57106 -2.35118 4.84049 2.61961 -1.5711 -7.32029 9.25735 6.76126 2.55776 -3.1587 -1.47739 -5.80609 -5.40187 1.49622 -2.70151 0.990674 0.073274 0.545219 -0.677111 2.27162 0.9523 0.555389 -0.737129 0.719569 -0.112777 -0.288373 0.340306 -0.142064 0.0496887 0.18231 0.0821142 -0.244289 0.354392 -0.262263 -0.0984034 0.152942 0.0270994 -0.0777567 0.0625437 -0.0625922 0.00153306
 -818.328 -120.189 -34.5002 26.3833 -26.0306 -30.7545 20.8809 16.9853 0.425642 -8.9408 -1.66219 4.15303 4.13935 3.92435 -3.59461 -6.17997 6.72345 4.49323 2.92583 1.24055 0.000138269 -1.78382 -2.90627 -1.69765 -2.08353 1.63125 3.08155 -2.3097 -1.46094 3.22702 -0.0047097 -0.614908 -0.806631 0.115366 -0.405018 0.0130339 -0.0794486 -0.671628 -0.0255869 0.0126307 -0.329581 -0.0836816 -0.0419956 0.0913768 0.00533295 0.0157322 -0.047387 0.0735049 -0.151091 -0.110653 0.00271021
 -839.49 -134.316 -57.9579 13.0619 -9.45307 -23.1653 20.7536 -8.71858 -4.02346 -14.2763 -0.964361 5.83854 -0.187286 5.854 -2.55182 -7.55258 8.43901 6.06932 6.62111 2.41416 -1.22795 -0.447608 -2.26285 -0.767591 -2.37867 1.16241 4.27683 -3.47803 -0.807638 2.6344 -0.455752 0.456951 -4.73109 -3.94174 0.644814 0.728124 -0.662203 -1.39217 0.221408 0.0499337 -0.281336 -0.106036 -0.126497 0.0639792 -0.0396628 0.041104 0.0189781 0.111021 -0.0495606 -0.236747 0.00579859
 -872.841 -174.436 -114.097 -19.2121 5.94329 -24.0149 19.5872 -10.8249 -0.00766957 -4.28297 -3.3454 2.19687 3.59584 -0.227228 0.270813 -6.15229 3.01354 6.19831 6.60236 4.7665 -0.565123 0.0391059 -3.5727 -1.49494 -4.53349 2.59317 6.15324 -4.43958 -1.58282 4.46845 0.0573778 -1.08897 -0.4776 -0.54024 -0.795102 -0.151033 -0.0488463 0.54987 -0.208357 -0.0246989 -0.178896 0.112505 -0.240792 0.144901 0.0515179 -0.0326408 -0.11158 0.048142 0.0301252 -0.0660491 0.00161773
 -901.17 -206 -151.47 -42.7758 19.3563 -17.1122 14.0285 -8.3694 4.49021 -0.421211 -3.0371 1.41263 4.87251 2.75062 0.0665431 -2.45257 -2.64241 4.63671 1.39266 2.56222 2.84963 -3.23612 -4.96991 -5.72469 -5.23771 2.738 7.35479 -3.025 -3.76973 5.94784 -0.417744 -0.777641 -1.60879 -1.29243 0.0913704 0.0802574 0.540068 0.736635 0.00650613 -0.281799 0.404039 0.172526 -0.312063 0.315399 0.170049 -0.132601 -0.172121 0.0959251 -0.213903 0.0376146 -0.000921286
 -911.706 -271.607 -176.791 -103.718 26.1382 16.0971 0.514941 0.637788 -8.32606 -5.2818 2.97848 -6.23478 -2.75594 -6.40649 -0.348545 9.84902 -3.68655 -12.1647 -11.1387 -7.58724 0.415215 4.84567 9.43666 9.91666 7.42582 -5.19515 -12.1989 7.39528 5.69284 -12.1056 -1.2433 1.65695 3.19127 1.40765 1.03341 0.361836 -2.14517 -1.15851 -0.317583 0.342296 -1.25817 0.394601 0.439107 -0.332993 0.00808039 -0.115338 0.127642 -0.38832 0.339689 0.546552 -0.0133866
 -928.823 -292.373 -187.682 -100.306 18.2402 -2.39413 15.7728 6.89081 -1.24858 -0.111597 5.72931 -0.756775 0.737954 -5.46747 -0.982294 6.49961 -2.40734 -9.39694 -6.84967 -4.35361 0.51041 0.309913 2.89412 5.24117 5.30903 -1.23812 -7.11433 4.23031 2.34649 -4.91105 0.059242 -0.340639 2.89274 0.452986 0.456538 -0.0558792 1.56197 0.970913 0.546006 -0.109537 1.50341 -0.53928 0.109494 -0.143993 -0.13932 0.214221 -0.0150658 0.182488 -0.171415 -0.341872 0.00837341

