 0.0843347 -0.125719 0.165015 -0.161821 -0.188863 0.206322 0.00707418 -0.0451106 0.0391339 0.0667565 -0.0809224 -0.0219937 0.0143847 0.0325273 0.0875569 0.0144593 -0.0896086 -0.039006 -0.0808059 -0.00538531 0.00683127 0.0409063 -0.0272778 0.00354999 0.0198743 0.0357671 -0.0700937 0.0221553 0.00065259 0.113511 -0.070426 0.0483733 -0.0506115 -0.0214076 -0.123568 0.0640935 -0.086306 0.135857 -0.158713 0.0450009 -0.0600278 -0.00848334 -0.00723618 -0.0543395 -0.04178 0.0288492 -0.0884643 -0.054763 -0.227368 -0.205828 0.21433
 0.0888602 -0.127333 0.159682 -0.149368 -0.152039 0.148491 -0.00464083 -0.0249379 0.0197895 0.0551862 -0.0365021 5.72358e-05 -0.00698733 0.00537533 0.0428788 -0.00650087 -0.011809 0.0142163 -0.0196641 0.0106531 0.012592 -0.0123701 0.0111159 0.0114667 -0.0336033 -0.042032 -0.0714594 0.087021 0.0496729 0.151557 -0.112149 0.0185578 0.00833382 -0.0433457 0.0433328 0.042054 0.0210671 -0.00435013 0.0773913 0.0887102 -0.00349337 -0.00106141 0.0104087 -0.0386383 -0.0317268 0.0250395 -0.0561017 -0.0631519 -0.1458 -0.20374 0.112217
 0.0901203 -0.129797 0.167009 -0.160289 -0.169881 0.17836 -0.00151263 -0.0309599 0.027502 0.0628393 -0.0538318 -0.00813645 -0.000527545 0.016517 0.0618686 0.000865815 -0.0417967 -0.00661321 -0.0460892 0.00198749 0.0123866 0.017597 -0.00950641 0.00187192 0.0115922 -0.00684189 -0.0629879 0.0558493 0.0343476 0.115426 -0.100688 0.0228727 0.0155416 0.0232864 -0.0380333 0.0395044 -0.0631797 0.0805757 -0.0925178 0.120466 -0.167098 -0.00243426 0.0419402 -0.0697205 -0.0215813 -0.0129701 0.0961185 0.0831484 0.162789 0.2382 -0.226938
 0.0912693 -0.132096 0.173627 -0.169906 -0.185052 0.202394 0.000229793 -0.0348867 0.0330487 0.0701282 -0.0647092 -0.0112547 0.000910668 0.0213068 0.075578 0.00240757 -0.0549956 -0.0106467 -0.0607459 -0.00219417 0.0175552 0.0353283 -0.0212228 -0.00733853 0.0449233 0.0464806 0.0131583 -0.0751419 -0.0530122 -0.0736024 0.0822372 0.0099592 -0.0456072 -0.031716 -0.0808734 -0.0242337 -0.0197432 0.0450956 -0.0524112 -0.0179409 -0.00463695 -0.00164945 -0.00391643 0.0152737 0.0237492 -0.0418044 0.0659982 0.0741224 0.156651 0.209146 -0.162674
 0.092979 -0.133812 0.175277 -0.171027 -0.18362 0.199903 -0.00113252 -0.032682 0.0314494 0.0700372 -0.0610656 -0.00955418 -0.00120501 0.0192228 0.0722405 0.000624194 -0.0488583 -0.00667006 -0.0565811 -0.00145128 0.0181583 0.0333543 -0.0199721 -0.00854014 0.0458616 0.0456802 0.021157 -0.0833074 -0.0562304 -0.0927948 0.0948516 0.00389784 -0.0398204 -0.0267106 -0.0728749 -0.0335003 -0.0142352 0.0354435 -0.0438224 -0.0237646 -0.00374975 -0.000432169 -0.00251836 0.0206941 0.029733 -0.0493573 0.0847135 0.0895599 0.202917 0.263326 -0.205532
 0.0977506 -0.133779 0.159148 -0.141652 -0.118413 0.0990262 -0.014634 -0.0066042 0.00333404 0.0441548 -0.00241696 0.0133299 -0.0208845 -0.0108868 0.00825917 -0.0172817 0.0318334 0.0360671 0.0170955 0.00682481 0.00953637 -0.0100873 0.0056887 -0.0155165 0.00482239 0.0410531 0.147235 -0.210298 -0.121884 -0.364394 0.310332 -0.07235 -0.0102153 -0.0316593 0.0369066 -0.138972 0.106316 -0.130945 0.0807186 -0.305802 0.334341 0.00195935 -0.098972 0.157873 0.0708994 -0.0244025 -0.140517 -0.0905593 -0.218913 -0.314356 0.318296
 0.101235 -0.134452 0.150985 -0.124886 -0.0770718 0.0310279 -0.0264845 0.0137434 -0.017949 0.0294904 0.0465787 0.0375141 -0.0430949 -0.0418281 -0.0423709 -0.0409854 0.121886 0.100556 0.086351 0.0358953 0.0197648 -0.0992332 0.0737378 0.0229437 -0.12092 -0.163909 -0.0595455 0.172554 0.126378 0.166756 -0.16574 -0.0492958 0.133526 -0.0259147 0.318401 -0.00500381 0.172508 -0.222346 0.425932 0.125811 0.080179 0.0208929 0.0359637 -0.0148415 -0.0259668 0.00236836 -0.00290395 -0.0702586 0.0836649 -0.00937677 0.0332214
 0.105689 -0.133621 0.131297 -0.0923605 -0.0144252 -0.0567817 -0.0311258 0.0299344 -0.0369598 -0.00221452 0.0725053 0.0300519 -0.032736 -0.0367365 -0.0817171 -0.0229825 0.100355 0.0405234 0.0931859 0.00676093 -0.0254638 -0.0456578 0.022925 -0.0169776 -0.0509997 -0.0683535 0.0119187 0.0647187 0.0540174 0.0208079 -0.0450204 -0.0364132 0.0949356 0.0568223 0.111511 -0.015949 0.0334396 -0.0751937 0.0545165 0.0123719 -0.0218738 0.00335574 0.0133091 -0.0134266 -0.00830576 0.0157264 0.00227079 -0.0154711 -0.0233766 -0.0561914 -0.00958475
 0.10871 -0.133595 0.120225 -0.0739566 0.0202894 -0.103434 -0.0322231 0.0374835 -0.046018 -0.0206382 0.0817263 0.0212433 -0.0225507 -0.029039 -0.0985388 -0.00847964 0.0734739 -0.00426399 0.0834496 -0.0122087 -0.0501928 -0.00541424 -0.0110259 -0.0373471 -0.00498174 -0.0157091 0.011025 0.0443895 0.0123029 0.0536472 -0.00456196 0.0233189 -0.0284124 -0.0531418 -0.0221809 0.00901652 0.0250249 -0.0179537 0.0738425 0.0432904 0.00479799 -0.000410494 0.00905821 -0.00673474 -0.00306996 0.013353 0.00178515 -0.0159584 -0.0199588 -0.0683158 -0.0303728
 0.109945 -0.13549 0.124843 -0.0776918 0.0216466 -0.114506 -0.0400865 0.0462527 -0.0544037 -0.0167001 0.108807 0.0443027 -0.0453325 -0.0552075 -0.122086 -0.033764 0.151752 0.0647707 0.142195 0.0119826 -0.0354044 -0.0751779 0.0382284 -0.0217163 -0.077648 -0.0851198 0.0812668 0.020695 0.0847114 -0.171789 -0.0395986 -0.14802 0.331992 0.409412 0.169857 -0.0641608 -0.122435 -0.0195561 -0.401345 -0.147051 -0.23611 -0.00136359 0.0112238 -0.0512595 -0.0202219 0.0306266 0.0218059 0.0508367 -0.0672062 0.0626956 0.0180814
 0.11303 -0.13509 0.111141 -0.0564351 0.0574005 -0.156619 -0.0361272 0.0482266 -0.0585215 -0.0384515 0.100994 0.0204534 -0.0198572 -0.0302405 -0.124351 -0.00239566 0.0730938 -0.0259582 0.0936169 -0.0230164 -0.0695571 0.0115523 -0.0281945 -0.0520806 0.0160094 0.0128932 0.031121 0.0174148 -0.00645828 0.0176172 0.024893 0.0291814 -0.0407862 -0.024848 -0.0893173 0.00976845 -0.0218849 0.031647 -0.0313316 0.0152818 -0.0305212 -0.00178033 0.00463698 -0.0113302 -0.00494263 0.0144666 0.00353419 -0.00128086 -0.0151965 -0.0176784 -0.0126927
 0.115031 -0.135569 0.105958 -0.0473261 0.0750669 -0.179932 -0.0364522 0.051881 -0.0629349 -0.0479088 0.104903 0.0152293 -0.0140149 -0.0255729 -0.131958 0.00551106 0.0571596 -0.0499429 0.0860312 -0.0327626 -0.0812034 0.0333639 -0.0458366 -0.0616215 0.0401129 0.0406446 0.0277051 0.00732499 -0.0291889 0.039549 0.045771 0.0626861 -0.111999 -0.0928904 -0.158038 0.0240431 -0.020041 0.0582616 0.00419666 0.0354123 -0.00368673 -0.000958389 0.00212174 -0.00624255 -0.00469819 0.00890294 0.000584054 -0.00627607 0.0100879 0.00956638 -0.000363604
 0.11673 -0.136371 0.103821 -0.0427295 0.0850598 -0.193621 -0.0373362 0.0551278 -0.0663105 -0.0531529 0.109092 0.013315 -0.0120113 -0.0242922 -0.138021 0.00874996 0.0525725 -0.0603382 0.0846293 -0.0369062 -0.0870498 0.0419591 -0.0532092 -0.0659477 0.0495957 0.0512276 0.0247949 0.00626347 -0.0373827 0.0535257 0.0520131 0.0777642 -0.143512 -0.124964 -0.18541 0.0318561 -0.0167948 0.0675537 0.0270944 0.0482054 0.00840636 -0.000473343 0.00208105 -0.00470244 -0.00488646 0.00601571 0.000713533 -0.00874688 0.0241426 0.022975 0.00131676
 0.11827 -0.137191 0.101911 -0.0387723 0.0936734 -0.20619 -0.0385079 0.0583467 -0.0695681 -0.0577785 0.113721 0.0121921 -0.0111213 -0.0241184 -0.144321 0.0109197 0.0507811 -0.0676841 0.0853234 -0.0401541 -0.0923086 0.047719 -0.0588944 -0.0699441 0.056723 0.0610901 0.0297112 -0.00241456 -0.0440019 0.0432096 0.0616795 0.0802052 -0.149872 -0.119632 -0.206784 0.0333955 -0.0299763 0.0827825 8.35688e-05 0.0407479 0.000441914 -0.000814368 0.000705625 -0.0058283 -0.00547364 0.00399292 0.00135812 -0.00468489 0.0288038 0.0431298 0.00758323
 0.121372 -0.135103 0.0796315 -0.0115446 0.117876 -0.195284 -0.0065703 0.0304981 -0.0414385 -0.0780232 0.0237243 -0.0612008 0.0539198 0.0370699 -0.0244304 0.0489069 -0.167163 -0.090211 -0.24715 0.019146 0.138067 0.0643264 0.0359023 0.170579 -0.0968735 0.0522157 -0.24902 -0.133475 -0.0142361 -0.0291879 -0.110726 -0.0882924 -0.0428577 0.0241207 0.1893 0.0514459 0.131585 0.0536235 -0.0962825 0.0228239 0.110253 -0.0120893 -0.0356335 0.0543793 0.0321423 -0.0202804 -0.020701 0.0398899 0.0120682 0.00927708 0.00897854
 0.122787 -0.135602 0.0766058 -0.00670703 0.125841 -0.203529 -0.00521527 0.031031 -0.0419086 -0.082995 0.0205701 -0.0678467 0.0597315 0.042108 -0.0205638 0.0540699 -0.185685 -0.100085 -0.270616 0.0196142 0.148408 0.0724676 0.03565 0.182615 -0.0985112 0.0618718 -0.266393 -0.147153 -0.0198682 -0.0323185 -0.113705 -0.0903238 -0.0542288 0.0201465 0.191264 0.0570665 0.137215 0.0635991 -0.104774 0.0239157 0.119306 -0.0128435 -0.0386858 0.0590092 0.0346939 -0.0236476 -0.0212416 0.044147 0.0201155 0.0220942 0.0103841
 0.125774 -0.132709 0.0512928 0.0205874 0.136911 -0.158878 0.0358813 -0.00609175 0.000480541 -0.0779894 -0.0623621 -0.099764 0.0809759 0.0552033 0.107189 0.03175 -0.204931 -0.0128666 -0.267264 0.0416908 0.16779 0.00468257 0.0529012 0.190343 0.1582 -0.0763439 0.234164 0.0975569 0.0281679 0.00866865 0.0438723 0.177423 0.262957 0.202673 -0.224376 -0.166887 -0.238094 0.0150995 0.288006 -0.246312 -0.195206 0.0130231 0.0799951 -0.00574915 -0.0381742 0.0168785 -0.0373686 -0.0662299 -0.0209578 -0.0197737 -0.0550555
 0.128509 -0.129551 0.027005 0.0446473 0.139743 -0.107681 0.0706088 -0.0364048 0.0389949 -0.056165 -0.107413 -0.0880398 0.0658267 0.0370068 0.174363 -0.00724666 -0.113228 0.0670291 -0.0955771 0.0317674 0.0577185 -0.0330903 0.0281166 0.0500698 0.162562 -0.0697143 0.266447 0.136606 0.00864118 0.0242886 0.0917295 0.0429362 -0.034375 -0.18734 0.146846 0.111722 -0.117819 -0.267606 -0.046425 0.0541115 -0.0125301 0.0129077 -0.0114532 -0.0766242 -0.00794222 -0.0368143 0.0885587 0.00104153 0.038471 0.0514988 -0.0252799
 0.131379 -0.125637 0.000420633 0.0692208 0.137085 -0.0488307 0.101665 -0.0616445 0.0755597 -0.0225849 -0.126631 -0.0491509 0.0345405 0.0116215 0.186889 -0.0377978 -0.0137724 0.105552 0.0523955 0.0201143 -0.0441475 -0.0349306 0.00727861 -0.0754123 0.0200921 -0.00674799 0.0380189 0.0325905 -0.0119526 0.00979773 0.0237197 -0.02683 -0.0352074 -0.0970453 0.052642 0.0244934 -0.0651026 -0.0785289 -0.00149927 0.0593506 0.0240367 0.00389056 -0.0114706 -0.0382671 0.000122884 -0.030056 0.0413695 0.0125821 -0.0230556 -0.00979963 0.00485948
 0.133208 -0.124069 -0.0121677 0.0811466 0.137868 -0.0264787 0.113625 -0.0698048 0.0893062 -0.010007 -0.132332 -0.0342619 0.0221763 0.00155166 0.189113 -0.0480769 0.0219288 0.116138 0.101082 0.0167501 -0.0793382 -0.0322831 0.000564594 -0.118802 -0.0554592 0.0268357 -0.0861386 -0.0297946 -0.0231131 -0.00651801 -0.0124018 -0.0604398 -0.0205002 -0.0312511 0.00371473 -0.0295479 -0.0349655 0.0248704 0.0388157 0.041231 0.0463563 -0.000588804 -0.0102254 -0.00892511 0.00557375 -0.0254673 0.00865265 0.0144336 -0.0537109 -0.0416922 0.0271988
 0.135679 -0.119606 -0.0364553 0.0994841 0.122967 0.0273435 0.122322 -0.0720057 0.105347 0.0331127 -0.0889271 0.039182 -0.0201223 -0.0187575 0.0806208 -0.0386738 0.04458 0.048639 0.038289 0.0231704 -0.0416779 0.0103459 0.00887828 -0.0529757 -0.0386372 -0.0192416 -0.0491516 -0.0269025 -0.01915 0.00556775 -0.0075234 -0.028195 0.0118157 -0.0251325 -0.00727204 -0.0606918 0.000329989 0.0271188 -0.0325905 0.0175516 0.00233323 0.00224122 -0.00789586 -0.00293602 -0.00221331 0.0163061 -0.0130995 0.0119666 -0.0074075 -0.0263323 0.000870305
 0.138523 -0.113299 -0.0633251 0.113774 0.0891167 0.0743146 0.0960509 -0.042016 0.0875292 0.0571337 -0.014161 0.0698407 -0.00645402 -0.00941046 -0.00308859 -0.04024 -0.00416183 0.0394252 0.00934694 0.00372322 -0.0156054 -0.00110445 0.0126809 -0.0213741 -0.0131599 -0.062304 -0.0176752 -0.0343326 0.0103343 0.0243107 0.00838966 -0.00271394 0.0391591 -0.0170384 -0.0385513 -0.0935193 0.0470351 0.0397679 -0.0356555 0.0242131 -0.00233929 0.00555715 -0.00822935 -0.00314685 -0.00578509 0.0359992 -0.0211222 0.0128261 0.00114258 -0.0371787 0.0109703
 0.138378 -0.116112 -0.0554796 0.116803 0.12527 0.0548917 0.134438 -0.0746295 0.11908 0.0502589 -0.0829552 0.0645969 -0.0391205 -0.0269947 0.0535368 -0.0410493 0.0653399 0.0335775 0.0361178 0.0253172 -0.0445544 0.0228083 0.00886653 -0.051166 -0.0415537 -0.026051 -0.0518107 -0.0341487 -0.0224559 0.00362242 -0.00449616 -0.0296805 0.0141941 -0.026094 -0.0204561 -0.0738183 0.0152099 0.0411394 -0.0430781 0.0155885 -0.000995863 0.000761043 -0.00816576 -0.0044285 -0.00473022 0.00859624 -0.0212716 0.011333 -0.00389027 -0.0208709 -0.00947686
 0.139239 -0.113904 -0.0634976 0.123346 0.126534 0.0647201 0.137841 -0.0715477 0.122529 0.0533975 -0.0821276 0.0675475 -0.0457221 -0.0294297 0.0492247 -0.0428501 0.0743599 0.0312688 0.0399468 0.0261012 -0.0509481 0.0243006 0.00722915 -0.0573891 -0.0521605 -0.0198682 -0.0716726 -0.0431744 -0.0243478 -0.0016766 -0.009311 -0.0408618 0.0144705 -0.0177303 -0.0244864 -0.0752845 0.021815 0.0572638 -0.0377391 0.0165018 0.00404961 -0.001838 -0.00806707 -0.00566449 -0.0049845 -0.00837977 -0.0244635 0.0118291 -0.0116973 -0.0174503 -0.0130277
 0.140972 -0.10679 -0.0894241 0.133141 0.0904825 0.0968908 0.0977259 -0.024296 0.0896787 0.05936 -0.00489392 0.0655592 -0.0177594 -0.0172392 -0.00925278 -0.0436745 0.0115268 0.0350205 0.0134244 0.00700499 -0.0357635 -0.00657738 -0.00143445 -0.0354281 -0.0213778 -0.0460077 -0.0433001 -0.0456565 0.00195339 0.0102807 0.0119322 -0.0253629 0.0255026 -0.0226683 -0.0286144 -0.065868 0.0517441 0.0466217 -0.0381948 0.0329265 0.0133099 0.000834371 -0.0110277 -0.00827132 -0.00328857 -0.00260765 -0.0132376 0.0176579 0.00040269 -0.0090504 -0.000633259
 0.143121 -0.0982885 -0.114807 0.139798 0.0444781 0.122446 0.0408068 0.029524 0.0405043 0.0476384 0.0558769 0.0368358 0.0144009 -0.00313064 -0.0291667 -0.0394454 0.000668618 0.0166057 -0.000386236 0.00452338 -0.0180138 0.00349984 0.00724541 -0.0124543 -0.00391794 -0.0503987 -0.0238076 -0.0225489 -0.0144345 0.00774722 0.00817677 -0.0125183 0.0251948 -0.0266705 -0.0244034 -0.0528734 0.0422022 0.0279654 -0.023801 0.0213649 0.00813335 0.00240781 -0.00786007 -0.00691958 -0.0034411 0.00163619 -0.00905778 0.0124667 0.00691835 -0.00240345 0.00488334
 0.144715 -0.0881936 -0.138112 0.142256 -0.00106926 0.131623 -0.0201806 0.0765015 -0.0130708 0.0187571 0.0807396 -0.0104794 0.0267394 0.0016564 -0.0216375 -0.0178379 0.0165635 -0.0173035 -0.0116087 0.00600218 -0.00968578 0.00390321 -0.00033708 0.00832073 0.00509218 -0.0363027 -0.0192776 -0.0184545 -0.0016341 0.00656737 0.00372491 -0.00268204 0.0163002 -0.0106692 -0.0165121 -0.0142405 0.0231965 0.0148754 -0.00213086 0.00438822 0.000909664 0.00168266 -0.000928863 -0.000246358 -0.0010492 -0.000228932 0.000232421 0.00719111 0.0210841 0.0238994 0.000990938
 0.145279 -0.0856731 -0.14574 0.14834 0.00112071 0.139199 -0.0183698 0.0836509 -0.0117666 0.0210375 0.0870687 -0.00830016 0.0227752 0.00180631 -0.0307736 -0.0201151 0.0187797 -0.019252 -0.0136553 0.0058477 -0.0109636 0.00474755 0.000914368 0.00677007 0.00756865 -0.0349779 -0.0154432 -0.0187812 -0.00429377 -0.00503371 0.00925166 -0.011123 0.0224654 -0.0029909 -0.0179608 -0.0122187 0.0215956 0.0191102 -0.0107202 0.00148284 -0.00170613 -0.00093324 -0.00107083 -0.00721237 -0.00206529 -0.0218531 0.00214143 0.00894633 0.0122137 0.031111 -0.00862198
 0.148242 -0.073782 -0.157463 0.134045 -0.0509428 0.105152 -0.0781158 0.0718513 -0.0586082 -0.0211072 0.0281364 -0.0339391 -0.0129963 0.0133769 -0.028629 0.0438549 0.0112179 -0.0445426 0.0148901 -0.0484152 0.0295654 -0.0127406 0.00765638 0.0130051 0.0193594 0.00700283 0.00891171 0.016111 0.0108994 -0.0227177 -0.000623226 0.00518792 -0.0177563 0.0289408 -0.00216408 0.050687 0.00968817 -0.00585779 0.0168214 -0.010815 -0.000394726 -0.0049264 0.00644643 0.00312434 0.00192636 -0.023088 0.00726785 -0.00957434 0.0021839 0.0267715 -0.00636189
 0.148375 -0.0682572 -0.172774 0.142581 -0.0578335 0.12482 -0.0886533 0.104689 -0.0690196 -0.0196366 0.0676794 -0.0483982 -0.00374865 -0.000540254 -0.0343635 0.0355769 0.0221245 -0.0603358 -0.0199922 -0.0158763 -0.000131888 -0.0393452 -0.0343176 0.0274117 0.0276444 0.0105473 0.00108296 0.0100691 -0.00347814 -0.0208701 -0.00181863 0.000852635 0.00278817 0.0446043 0.0034867 0.0843608 0.0104163 -0.00782033 0.0271115 -0.0240111 -0.00179692 -0.00604917 0.0101498 0.00896133 0.00399651 -0.0309612 0.0129342 -0.0115248 0.0188181 0.0587242 -0.00695041
 0.152086 -0.0499605 -0.169317 0.110802 -0.104739 0.0666208 -0.127584 0.0469736 -0.0927412 -0.0421722 0.000983354 -0.0354648 -0.0218394 0.0214788 -0.0363314 0.0819194 -0.00370879 -0.0658019 0.0146132 -0.0467083 0.0381798 -0.035903 -0.024315 0.0278048 0.0209274 0.108113 0.0507567 0.0545008 0.0276317 -0.0360321 -0.00651753 0.0320038 -0.0455039 0.123392 0.0176705 0.195605 0.00798472 -0.0269 0.0575394 -0.0550549 -0.00343432 -0.0129576 0.0228417 0.0372029 0.01343 -0.0192343 0.018168 -0.0393646 0.0142856 0.0615801 -0.000483158
 0.154894 -0.0352243 -0.152188 0.088987 -0.107882 0.0439259 -0.117421 0.0101608 -0.0802825 -0.0327639 -0.0165429 -0.011225 -0.00921641 0.0370958 -0.030722 0.0741706 -0.00662277 -0.05474 0.0362632 -0.0435475 0.0460099 -0.0204271 -0.00671649 0.0227324 0.0122054 0.07322 0.0399793 0.0346899 0.0331532 -0.0246305 -0.0372976 0.0291229 -0.05306 0.0598195 0.0198122 0.0497598 0.000776568 -0.0250301 0.0307008 -0.0239175 -0.00921655 -0.000121092 0.0120525 0.0231396 0.00445924 0.0274238 0.00563971 -0.0186195 0.0263093 0.028438 0.0142639
 0.157915 -0.0166785 -0.137085 0.0607299 -0.120198 0.00864666 -0.113882 -0.0363342 -0.0710122 -0.0246597 -0.035362 0.0150119 0.00710195 0.0495807 -0.0229384 0.0681443 -0.012985 -0.0447016 0.0503848 -0.0266096 0.0429529 -0.0171695 -0.0106086 0.0209897 0.00744253 0.0663332 0.0505685 0.0167037 0.0136612 0.00727139 -0.0349008 0.0229001 -0.0556543 0.0613153 0.0206732 0.0449022 0.000854523 -0.0288387 0.0254172 -0.0264278 -0.00523584 0.00273435 0.009673 0.0348521 0.00678264 0.0610505 -0.00185563 -0.0224126 0.0255381 0.00317275 0.0351161
 0.159731 -0.000148269 -0.128274 0.043548 -0.126763 -0.0139552 -0.113041 -0.0622057 -0.0677539 -0.0202628 -0.0442589 0.0303714 0.0193689 0.0580792 -0.0172614 0.0651577 -0.0131894 -0.0418237 0.060751 -0.0213219 0.0433517 -0.0176359 -0.00930385 0.0195796 0.00817469 0.0589138 0.0536252 0.0130581 0.0187098 -0.00010488 -0.0479627 0.0335401 -0.0534047 0.0446301 0.0197682 0.00534939 -0.00573432 -0.0343558 0.0219566 -0.0252767 -0.0109923 0.00911023 0.00850043 0.0401469 0.00715113 0.0933414 0.000251849 -0.0134851 0.0553864 0.01296 0.0355227
 0.16191 0.0187244 -0.112598 0.0214307 -0.127327 -0.0301296 -0.10208 -0.0810322 -0.0573616 -0.0103856 -0.0401148 0.0403127 0.0354684 0.0520436 -0.0047888 0.0524368 -0.00840156 -0.0378157 0.0508847 -0.0194848 0.0366883 -0.0200749 -0.00494904 0.0210137 0.00778622 0.0449864 0.0437721 0.0134823 0.0136774 0.0117209 -0.0394982 0.0406076 -0.0528137 0.0364987 0.0207426 -0.000631014 -0.0026729 -0.0406887 0.0279822 -0.0278625 -0.00338285 0.0125607 0.00603842 0.0501214 0.00880923 0.120404 -0.00681045 -0.0173129 0.0593374 -0.00628902 0.0552032
 0.164554 0.0405103 -0.0900597 -0.00410535 -0.118512 -0.0339051 -0.0777543 -0.0828177 -0.0378486 0.00277592 -0.0238867 0.0371238 0.0398846 0.0197643 0.0106939 0.0360951 -0.00640499 -0.0230567 0.0315088 -0.0306575 0.024737 -0.0198245 -0.00214001 0.0189817 -0.000247224 0.0372556 0.0337669 0.00839459 0.00525541 0.0281725 -0.0347401 0.0556024 -0.0329529 0.0263502 0.00855059 0.00181964 -0.00551623 -0.0339892 0.022946 -0.0332446 -0.0057364 0.0154522 0.00531798 0.0621132 0.011071 0.154828 -0.0127543 -0.0175722 0.0655578 -0.0247834 0.0682143
 0.167336 0.0691475 -0.0546836 -0.0340484 -0.091919 -0.0131233 -0.0347652 -0.0462095 -0.00945036 0.0123254 -0.0039151 0.00925186 0.0125747 -0.0265615 0.0167064 0.0183775 -0.018047 0.0127827 0.011668 -0.00844404 0.0116386 -0.0105019 -0.0227616 0.0189524 -0.0147884 0.0114603 0.0085325 0.0162768 0.00108958 0.0376248 -0.0186435 0.0631898 -0.0128285 0.0186598 0.00143917 0.0245895 -0.00826479 -0.0179803 0.00308903 -0.028916 -0.00759465 0.0120861 0.00280735 0.0543815 0.00938441 0.143665 -0.0187091 -0.0189711 0.0324764 -0.0563806 0.0712211
 0.167586 0.0935697 -0.047691 -0.047258 -0.0828328 -0.00169638 -0.025202 -0.00616193 -0.00758893 0.00607963 0.00675676 -0.0144986 -0.00701553 -0.0269924 0.00636259 0.0123421 -0.0131894 0.00277466 -0.0104098 -0.00274609 0.00309708 -0.00455503 -0.0203898 0.00860263 -0.013712 0.0308327 -0.0137424 0.0264231 0.00334285 0.0293436 0.00911692 0.0432687 0.010756 0.00888513 0.00659504 0.0587652 -0.00751322 -0.00783264 0.00363981 -0.0207667 -0.00121907 0.00215704 0.00276857 0.0325233 0.00714467 0.0718957 -0.0138988 -0.0194015 -0.0113154 -0.0609326 0.0445815
 0.166052 0.119398 -0.0446328 -0.0618506 -0.0676518 -0.00266871 -0.0107264 0.0282283 -0.000849091 -0.00227041 0.00521235 -0.0286857 -0.0339738 -0.00894612 -0.0152613 0.00152277 -0.00510435 -0.00614515 -0.0251226 0.00756939 -0.00401398 0.00706054 -0.00688503 -0.00746285 0.0055215 0.0306424 0.00163135 0.0236147 0.0112761 -0.0162122 0.00393898 -0.0554403 -0.0100299 0.0121016 0.00766569 0.0712878 -0.0158115 0.0352292 -0.0355129 0.0336108 -0.005518 -0.0320926 0.000241167 -0.0801178 -0.0132279 -0.198876 0.00155704 -0.0112754 -0.200836 -0.101816 -0.0797861
 0.166853 0.132803 -0.0316126 -0.0688756 -0.0546134 -0.00417041 -0.00131824 0.0293116 0.00293174 -0.00156722 0.00258412 -0.0279294 -0.0319612 -0.00158139 -0.0155264 -0.00472239 -0.00460765 -0.00231665 -0.0283043 0.0079379 -0.00713672 0.00851513 -0.000639527 -0.00688845 0.00720722 0.021283 0.00107114 0.0166945 0.0087964 -0.017894 0.00477287 -0.0539387 -0.00655963 0.00663986 0.00174401 0.0511691 -0.0107278 0.0269932 -0.0197155 0.0272281 -0.00156841 -0.0275007 0.000145502 -0.0697731 -0.0117272 -0.174638 -0.000791622 -0.0116874 -0.178644 -0.0966461 -0.0708577
 0.1665 0.146773 -0.0217533 -0.0732123 -0.0405657 -0.0105199 0.0072144 0.0283091 0.00661608 0.000407398 0.00470863 -0.0230855 -0.028989 0.000489987 -0.0160226 -0.0104507 0.000795145 0.00114594 -0.0230434 0.00894459 -0.00967364 0.00646252 0.00247149 -0.0106523 0.00618983 0.00957753 0.00116911 0.0114292 0.00667351 -0.017645 0.00590912 -0.0501573 -0.00129682 -0.000603457 0.00569025 0.0326232 -0.00651979 0.0197134 -0.0153632 0.0276332 -0.000913047 -0.0230295 -0.000380367 -0.0621224 -0.00895794 -0.153989 0.00548109 -0.00305268 -0.143077 -0.0740911 -0.0800473
 0.165354 0.157158 -0.0223753 -0.0757566 -0.0337163 -0.0294195 0.0153253 0.0128937 0.0115834 0.00801422 0.0116174 -0.0124855 -0.0182166 -0.0144316 -0.00668779 -0.0111907 0.00100023 0.0070304 -0.0153422 0.0129475 -0.00237989 0.00618749 -0.000718655 -0.00825422 -0.00158043 -0.00072686 -0.00414813 0.00433928 0.000749614 -0.0135967 0.0153571 -0.0283978 0.0119329 -0.0131818 0.0111855 0.00633398 -0.00260886 0.0125337 -0.00337741 0.0206763 0.00213025 -0.013085 -0.000794994 -0.0387329 -0.00290094 -0.103384 0.0141251 0.0114352 -0.0598722 -0.0145795 -0.079232
 0.165045 0.170537 -0.00681196 -0.0740733 -0.0114788 -0.0234507 0.0242351 0.0151296 0.00899542 0.0100072 0.005892 -0.0106692 -0.0153545 -0.0116478 -0.00778023 -0.0125237 0.00657607 0.012675 -0.0123127 0.00996919 -0.00796137 0.00701248 0.00217204 -0.00525749 0.00130047 -0.00433603 0.000526458 -0.00475646 -0.00328815 -0.0236169 0.0221195 -0.0266674 0.0112298 -0.0110846 0.0064818 -0.00515543 0.00331071 0.000290114 0.0107974 0.00932207 0.00869233 -0.00656865 -0.00119934 -0.0230743 -0.000251101 -0.0751223 0.0159046 0.0123661 -0.011602 0.0272613 -0.0593676
 0.161434 0.193099 0.0110943 -0.0590746 0.0365155 -0.0256865 0.0319434 0.0140433 -0.00324516 0.0074448 0.00959162 -0.00404035 -0.00792509 -0.0109887 -0.0109969 -0.0147493 0.0161671 0.0153305 -0.00934733 0.0080482 -0.00603956 0.00617596 0.00631455 -0.00627819 -0.000597191 -0.0101562 0.00675878 -0.0275501 -0.0135995 -0.0499597 0.0410443 -0.0248742 0.0163038 -0.00502147 0.0126811 -0.0270238 0.0185548 -0.0148676 0.0273309 -0.010545 0.0202523 0.00143338 -0.0019612 0.00416103 0.0101365 -0.0463339 0.032951 0.030161 0.087197 0.120985 -0.0730813
 0.162502 0.202063 0.028056 -0.0543767 0.0425017 -0.0210698 0.0272267 0.00750414 0.002651 0.00124004 0.0116782 -0.00186318 -0.00984069 -0.010859 -0.0050378 -0.0234402 0.0143261 0.0191911 -0.00513296 0.00908667 -0.00739852 0.00460573 0.00735093 -0.00793523 0.00236022 -0.015797 0.0135262 -0.0253965 -0.0140255 -0.0468626 0.0437107 -0.0215123 0.0158222 -0.0131501 0.0123235 -0.0325532 0.0176528 -0.0216821 0.028391 -0.00865984 0.0176442 0.00200772 -0.0012899 0.00517091 0.0112873 -0.0392307 0.0359865 0.032698 0.091233 0.11432 -0.0836869
 0.16424 0.208164 0.044456 -0.0514782 0.0401773 -0.0150192 0.0247912 0.00512879 0.0121466 0.000790651 0.0128528 0.00163033 -0.00916031 -0.0129298 -0.00292472 -0.0216867 0.0122553 0.0217644 -0.00386859 0.0106282 -0.00942159 0.00533835 0.00939327 -0.00846279 -0.00148364 -0.0201954 0.00337058 -0.0199214 -0.0104594 -0.0296313 0.0327722 -0.0146499 0.0194473 -0.0173914 0.00803172 -0.040028 0.0159259 -0.0159327 0.0284189 -0.00149874 0.0106544 0.00339484 0.000140105 0.00473346 0.00894039 -0.0225844 0.0312973 0.0309558 0.0861295 0.0964288 -0.078075
 0.165095 0.214023 0.0563284 -0.0491122 0.0392269 -0.0155119 0.0238418 0.00505877 0.0205621 -0.000926302 0.0113887 0.00204507 -0.00793404 -0.0110757 -0.00145792 -0.0244009 0.0108324 0.0236078 -0.00520078 0.0103979 -0.0102269 0.00686778 0.00913749 -0.00908351 -0.00231968 -0.0224655 0.00157229 -0.0249148 -0.0130304 -0.030453 0.034032 -0.0147515 0.0173122 -0.0233509 0.00886441 -0.0455901 0.0167879 -0.0160615 0.0186048 -0.00123497 0.0125047 0.00355793 -0.00215522 0.00676219 0.010469 -0.0155011 0.0297742 0.0327638 0.0809849 0.0823096 -0.0786126
 0.163633 0.226027 0.0748564 -0.0341807 0.0550736 -0.0160401 0.0279314 0.0081665 0.0210912 0.00216343 0.00815236 0.00596117 -0.00346041 -0.015817 -0.000480244 -0.026357 0.0144641 0.0266474 -0.00113406 0.01085 -0.00986978 0.00510202 0.010998 -0.00738285 -0.00116473 -0.028118 0.00547191 -0.0267866 -0.0140425 -0.0348774 0.040266 -0.0129536 0.0234744 -0.0245041 0.0127737 -0.053401 0.0194279 -0.0229612 0.0250243 -0.00469945 0.0150528 0.00750464 -0.00249507 0.0118934 0.0111588 -0.0064518 0.0342525 0.0369265 0.115766 0.120283 -0.0729599
 0.162199 0.23637 0.0871559 -0.0243214 0.0656506 -0.0229364 0.0340623 0.0063728 0.021463 0.00440574 0.0110009 0.0117439 6.75932e-05 -0.01603 0.00296528 -0.0268148 0.0151101 0.0295687 0.00286219 0.0115017 -0.00769654 0.00485251 0.0124227 -0.00708138 -0.00554665 -0.0331306 8.92934e-05 -0.0355366 -0.0177597 -0.0363179 0.042565 -0.0057305 0.0275293 -0.0291676 0.0131647 -0.0701215 0.0273437 -0.0276928 0.0414721 -0.00949451 0.0206232 0.0127821 -0.00231959 0.0270242 0.0156829 0.019948 0.0393402 0.0444031 0.162209 0.151972 -0.0772344
 0.154464 0.247411 0.0976558 -0.0169784 0.0486091 0.00213974 0.0552889 -0.0191758 0.0371786 0.00570493 -0.0213983 0.00122526 0.0256219 -0.00108605 0.0372154 -0.0122484 -0.0424165 -0.00612 -0.0312836 0.00441665 -0.0182631 0.0213327 -0.000517603 0.00469841 -0.0225333 -0.0376301 -0.0867224 0.0571129 0.0272245 0.165854 -0.109859 0.0585882 0.0122232 -0.0241644 -0.0743454 0.014595 -0.0665938 0.0924307 -0.120937 0.0394175 -0.0466735 0.00686936 -0.0119284 -0.036682 -0.054763 0.140742 -0.149129 -0.102059 -0.286864 -0.358372 0.382995
 0.152158 0.254983 0.0993943 -0.0129594 0.0686557 -0.010192 0.0530615 -0.020811 0.0363536 0.00962716 -0.0120741 0.00619123 0.0222947 -0.0101886 0.0331964 -0.0186337 -0.0276562 0.00932338 -0.0195001 0.0034973 -0.0160299 0.024962 -0.0016675 -0.00313616 -0.00926084 -0.0324262 -0.0534122 0.0044326 -0.00310077 0.0835551 -0.0349219 0.0501246 0.00590513 -0.0413558 -0.0562758 -0.0305112 -0.0332919 0.0494418 -0.0848914 0.0223731 -0.0308385 0.0166716 -0.00859724 0.00495296 -0.0199391 0.133809 -0.0521115 -0.0173529 -0.0120586 -0.0640857 0.174913

