 0.142936 -0.245848 0.163959 -0.221943 -0.127703 0.088338 0.0285005 0.00452534 -0.109292 0.0331519 0.0563667 -0.0817668 -0.0829917 -0.0654327 -0.0650522 0.134179 0.0583053 -0.167509 -0.0453416 -0.091 -0.0717071 0.0681077 0.100723 0.105482 0.0954767 -0.0840798 -0.164187 0.0859897 0.108616 -0.140713 0.0267375 -0.020756 0.0350676 0.0449217 0.0174503 -0.0123516 -0.0583716 -0.0250197 -0.0493182 0.00566177 -0.193695 -0.0572743 -0.204108 0.208601 0.0234525 0.0233009 -0.0859941 0.267959 -0.168743 -0.338135 0.338135
 0.140317 -0.222359 0.137156 -0.16128 -0.0842865 0.0411273 0.0145046 0.00129016 -0.035958 0.0152219 0.00368953 -0.0258213 -0.0204033 0.00431721 0.0210985 0.00639383 -0.0434554 0.024197 -0.0941499 -0.0317452 0.0194477 0.0493941 0.135751 0.115421 0.132403 0.0651904 -0.117336 0.0836565 -0.0571071 -0.0726231 -0.0592877 0.126956 0.0419348 0.0161675 -0.0444514 -0.021583 0.0412118 0.0461631 0.0402199 -0.0523614 0.11124 0.0930145 -0.119506 0.126393 0.0656254 -0.0945101 -0.00284174 -0.0479784 -0.057871 0.0314576 -0.0314575
 0.141501 -0.222033 0.15085 -0.165716 -0.0999069 0.0538621 0.0386883 -0.0117981 -0.0491881 0.0227859 0.0334303 -0.0300159 -0.0107615 -0.0194669 -0.0468377 0.0428177 0.03394 -0.0409053 0.0137379 -0.0126394 -0.0180274 0.00358304 0.0117876 0.0296909 0.10827 0.152288 -0.0623685 -0.0717799 -0.0460558 0.271577 0.0953387 -0.211048 -0.103812 -0.0195013 0.0131584 0.0216483 0.0246179 0.00265655 -0.00074833 -0.00312361 0.0858437 -0.0238337 0.0851492 -0.101868 -0.0435279 0.0404648 0.045779 -0.0679644 0.0915587 0.0162764 -0.0162763
 0.142625 -0.221601 0.162521 -0.168392 -0.110731 0.063476 0.0568132 -0.0245813 -0.0512317 0.0268694 0.0505325 -0.0230316 0.0122019 -0.0241989 -0.0908374 0.0431391 0.0798755 -0.0438447 0.105456 0.0252573 -0.0346889 -0.0573298 -0.123158 -0.108834 -0.0917042 0.0168451 0.115223 -0.0886272 -0.021458 0.1294 0.0382549 -0.0881742 -0.0573057 -0.0224398 0.0159802 0.0111554 0.00880798 -0.00904758 -0.00386271 0.024262 0.0254778 -0.0375776 0.14311 -0.146848 -0.0526109 0.0547224 0.0301588 -0.0795009 0.109411 0.0711559 -0.0711558
 0.142672 -0.215173 0.160926 -0.156096 -0.103963 0.0609811 0.0602599 -0.0311656 -0.0401055 0.0237514 0.0509453 -0.0113599 0.0284662 -0.0203126 -0.0940651 0.0288171 0.0815112 -0.0264891 0.126784 0.0463705 -0.0279808 -0.0743946 -0.150793 -0.131747 -0.114906 0.0322913 0.150408 -0.117389 -0.0332087 0.170047 0.042592 -0.110454 -0.0735322 -0.035081 0.0193577 0.0165146 -0.0089591 -0.0272834 -0.0154393 0.0120885 -0.0316309 0.0619227 0.0355281 -0.0210408 0.0356839 -0.0623124 0.00371754 -0.0647448 0.00686239 0.231285 -0.231285
 0.13823 -0.182827 0.11048 -0.0770959 -0.0344234 0.00486563 0.0220304 -0.0214394 0.0339154 -0.00146112 -0.0142165 0.0365194 0.0620195 0.0409492 0.0120643 -0.0812972 -0.018299 0.115045 0.0626801 0.074993 0.0291822 -0.0727814 -0.141192 -0.182423 -0.358866 -0.364015 0.259226 0.056129 0.138727 -0.460265 -0.130451 0.314223 0.162683 0.0304576 0.00753578 -0.0315488 -0.00221677 0.00682403 0.018508 0.0183366 0.0273526 -0.0304171 0.0397864 -0.0433652 -0.0260786 0.0361614 0.0102605 -0.00459101 0.0247023 -0.0283711 0.028371
 0.135652 -0.16168 0.078805 -0.0219457 0.0165791 -0.037924 -0.0067927 -0.0168625 0.104456 -0.0261574 -0.0769583 0.0871335 0.102862 0.113608 0.152033 -0.215683 -0.200222 0.344562 -0.135476 0.095791 0.176976 -0.0021826 0.158257 0.107839 0.143612 0.271238 -0.00814461 0.0265894 -0.265711 0.0749207 -0.148532 0.25191 0.0266783 -0.0532348 -0.113355 -0.0110543 -0.044142 -0.00310025 0.00726679 0.0452107 -0.322693 -0.12761 0.132878 -0.135646 -0.0755046 0.127809 -0.0150102 0.0847224 0.0489534 -0.0926053 0.0926051
 0.130746 -0.12861 0.0279615 0.0449263 0.0707767 -0.0704307 -0.0369843 -0.000940609 0.103741 -0.0335884 -0.078534 0.0636274 0.0413165 0.063351 0.120369 -0.11238 -0.0987963 0.108811 -0.0616126 0.0197776 0.0580976 0.0234071 0.0512061 0.040795 0.0427251 0.0272811 -0.0339503 0.0165865 -0.0121807 0.00538538 -0.0122145 0.0132347 0.00670282 0.00121096 -0.00638448 0.00471964 0.0518597 0.0329429 0.0403975 -0.0596825 0.206956 0.123828 -0.112602 0.111024 0.0769143 -0.131253 0.0210161 -0.0713641 -0.0590705 0.137037 -0.137037
 0.127929 -0.107813 -0.00117629 0.0835468 0.10006 -0.084073 -0.0505128 0.00669901 0.0936094 -0.0356062 -0.0680821 0.0432016 -5.94418e-05 0.0205807 0.0806604 -0.0310485 -0.0192244 -0.0538565 -0.00306273 -0.027241 -0.0203572 0.0315158 -0.00595129 0.0154733 0.050815 0.0598385 -0.0218542 0.0272 -0.0762388 -0.00394288 -0.0555192 0.087228 0.00770569 0.0079879 -0.0263924 -0.0103701 0.0933167 0.0643396 0.0722868 -0.0749556 0.310092 0.151187 -0.114622 0.104096 0.0738065 -0.145335 0.0359014 -0.12786 0.000788613 0.159404 -0.159404
 0.12858 -0.10522 -0.00182101 0.0981185 0.118489 -0.100817 -0.0573672 -0.000347412 0.154734 -0.053657 -0.113423 0.100659 0.0685759 0.0944265 0.183648 -0.179229 -0.15826 0.181547 -0.0990631 0.0428521 0.0940007 0.0403216 0.0599043 0.0442829 -0.0514134 -0.269377 -0.113874 -0.0466535 0.40764 0.0254393 0.26558 -0.494595 -0.0423803 0.0381197 0.162416 0.064971 -0.0849762 -0.0851343 -0.109071 0.0281319 -0.0402131 -0.0468392 0.0318968 -0.0295926 -0.0244147 0.0447043 -0.00670273 0.0383808 0.0168669 -0.0476781 0.047678
 0.125348 -0.0824815 -0.0330129 0.133416 0.140393 -0.102474 -0.0640534 0.0105771 0.10779 -0.0457358 -0.0705339 0.0456149 -0.0136209 0.0014615 0.0721862 -0.00100968 0.0149672 -0.136208 0.0287214 -0.0453784 -0.0563621 0.0350828 -0.0465373 -0.00439217 0.0226842 -0.00300327 -0.0276394 0.010979 -0.000493199 -0.00290784 -0.00614039 -0.00966214 -0.00751686 0.0172698 0.00924728 0.000152289 0.0340649 0.0196792 0.0193434 -0.0291099 0.123625 0.0622471 -0.07422 0.0770998 0.0475573 -0.0712708 -0.0103437 -0.0114322 -0.0514515 0.0720317 -0.0720316
 0.123951 -0.0701615 -0.0483631 0.15548 0.15639 -0.108138 -0.0691517 0.0133829 0.102382 -0.0473331 -0.062128 0.0361229 -0.0328738 -0.0226004 0.0466374 0.0417463 0.0598794 -0.219588 0.0650148 -0.0655422 -0.0961132 0.0343473 -0.0795192 -0.0201801 0.0262129 0.0256543 -0.0130484 0.0126546 -0.0483482 -0.00360127 -0.0367453 0.0403532 -0.00776822 0.013838 -0.0058301 -0.00765861 0.0100801 0.00801904 0.00660206 0.0100541 -0.0141851 -0.0426568 0.00942148 -0.0111952 -0.0207015 0.0390738 -0.0176293 0.0517012 0.00725455 -0.0800362 0.080036
 0.123146 -0.0613075 -0.0575865 0.171235 0.168165 -0.112386 -0.0725258 0.0133679 0.104034 -0.0498005 -0.0590021 0.0352603 -0.0376878 -0.0329807 0.0361554 0.0582845 0.0783097 -0.253491 0.0830915 -0.0700224 -0.111624 0.0310795 -0.0968557 -0.0285551 0.0269532 0.047091 -0.00158047 0.0087324 -0.0771114 0.00434448 -0.0538677 0.0620504 -0.0104221 0.00665762 -0.0127085 -0.010754 -0.0132396 -0.00648919 -0.00560095 0.0310037 -0.11819 -0.0486376 0.0488498 -0.0494902 -0.0349082 0.0527601 0.00641055 0.0376114 0.043674 -0.0251301 0.0251301
 0.122501 -0.0532392 -0.0654167 0.185452 0.179706 -0.116037 -0.0765646 0.0114857 0.10682 -0.0530921 -0.0573262 0.0377023 -0.0405006 -0.0404728 0.0294649 0.0673482 0.0927444 -0.277555 0.0979734 -0.0712199 -0.124441 0.029982 -0.112424 -0.0368192 0.0159537 0.0326138 0.00287557 -0.000708868 -0.0573448 0.00850463 -0.0424937 0.032722 -0.0146342 0.00676529 -0.00305532 -0.00938934 -0.0440469 -0.0298557 -0.0300555 0.0561342 -0.225455 -0.0753091 0.0905043 -0.0879297 -0.0464292 0.0805413 -0.00119613 0.0393252 0.0341688 -0.0452972 0.0452972
 0.117676 -0.0258393 -0.0936022 0.189065 0.141336 -0.054226 -0.0402596 0.0243499 -0.0810771 0.0100271 0.0814416 -0.0845567 -0.10742 -0.124946 -0.219493 0.184039 0.079432 0.163521 -0.0449775 0.0500597 0.103427 -0.228497 0.290016 0.0386739 -0.0595253 -0.00559321 0.0752244 -0.0420113 0.00517988 -0.02188 0.126041 0.00620398 0.0188555 -0.0906647 -0.0709257 -0.080115 -0.00562607 0.0111994 0.0238426 -0.019853 0.0459533 -0.00193186 -0.0103388 0.00514163 0.000544298 -0.00331022 -0.0019959 0.0329615 0.0195656 0.01865 -0.01865
 0.116843 -0.0176739 -0.101296 0.199943 0.146996 -0.0527849 -0.040721 0.023973 -0.0931182 0.0122746 0.0940943 -0.09219 -0.11551 -0.139476 -0.245235 0.204829 0.0945806 0.164404 -0.039551 0.055375 0.104036 -0.247652 0.300205 0.0355349 -0.0690428 -0.00423201 0.0873951 -0.050398 0.00470861 -0.0183277 0.132409 0.00102618 0.0181679 -0.101488 -0.07297 -0.0870138 -0.023994 -0.00133584 0.0136138 -0.00872676 -0.0160584 -0.0040451 0.00585117 -0.00823438 -0.00263738 0.00249201 0.0084053 0.00552123 0.0152831 0.0205528 -0.0205528
 0.111388 0.0103959 -0.122463 0.180187 0.0777571 0.0288554 0.00939567 0.0281006 -0.213335 0.0633529 0.150391 -0.116999 -0.0595721 -0.0674053 -0.210047 0.0868502 -0.00226565 0.298203 -0.102 0.0645456 0.0769443 0.252057 -0.293526 0.0112475 0.0530707 -0.0212316 -0.0725177 0.0614725 0.028112 0.00122758 -0.436647 -0.0933827 -0.206647 0.310606 0.186895 0.186209 0.189809 -0.00419677 -0.0798789 -0.177742 -0.0507889 -0.0179151 -0.000637815 -0.0197613 0.0013944 -0.00158492 0.0115342 0.0453794 0.0393092 0.0417967 -0.0417966
 0.105936 0.03629 -0.136771 0.151957 0.00923497 0.0956657 0.0499977 0.0245608 -0.234272 0.0829596 0.131019 -0.0781437 0.0205767 0.0308549 -0.0597021 -0.0510791 -0.0487458 0.127616 -0.0592181 0.0183843 -0.0263265 0.278236 -0.321398 -0.0187712 0.069154 0.0265431 -0.0730493 0.0835537 0.0468569 0.0936922 0.259955 0.133576 0.268955 -0.216505 -0.0268136 0.0215485 -0.103831 0.00745036 0.0737515 0.416371 0.0484345 0.0802344 0.110924 0.0476339 0.0406059 0.0296144 -0.201406 -0.685485 -0.70653 -0.735393 0.735392
 0.0996741 0.06366 -0.147558 0.114694 -0.062745 0.151349 0.0827119 0.016294 -0.189258 0.0793042 0.0743482 -0.0278633 0.0697248 0.0902862 0.0637712 -0.123781 -0.0546576 -0.0596701 0.00415646 -0.0208531 -0.0780938 0.0410768 -0.0180021 -0.0245423 0.00684345 0.0316732 -0.015189 0.0280672 0.0163012 0.0402118 0.0886791 0.0525367 0.0973602 -0.0432412 -0.018488 -0.00367358 -0.122365 -0.012908 -0.00623419 0.0293479 0.0773404 0.0008878 -0.0070239 0.00362759 -0.00619936 0.00238495 0.0135356 -0.0115399 0.00603922 -0.0278234 0.0278234
 0.09655 0.0786663 -0.15387 0.102359 -0.0906199 0.170559 0.092988 0.0113518 -0.170139 0.0767351 0.053372 -0.00560345 0.0889694 0.107027 0.103079 -0.144455 -0.0524939 -0.124933 0.0271601 -0.026819 -0.0930927 -0.0919288 0.142232 -0.0278048 -0.0355088 0.0294531 0.0246623 -0.00264347 0.00275077 0.00345681 -0.0330606 0.00359048 -0.000312653 0.0567655 -0.00316267 -0.0220233 -0.127695 -0.0303709 -0.0584581 -0.181171 0.0541469 -0.0337467 -0.0427956 -0.0378385 -0.0290882 -0.0121028 0.127563 0.281885 0.366175 0.343763 -0.343763
 0.0901812 0.102116 -0.152507 0.0564652 -0.14063 0.175594 0.092543 -0.00461972 -0.0114205 0.0242477 -0.0347223 0.0287607 0.0347514 0.0301818 0.0499832 -0.037056 -0.0114279 -0.0589949 0.0291271 -0.00781813 0.00592044 -0.0458953 0.0670744 -0.00518953 -0.0196768 0.00431993 -0.0115199 -0.0130299 -0.0073158 -0.0243837 -0.012558 -0.0238784 -0.0239619 0.00148929 -0.00605724 0.0169967 0.0371718 -0.00265564 -0.0049552 -0.0428807 0.026524 -0.0040831 -0.0393253 0.013226 -0.00402639 -0.0125197 0.0314805 0.124883 0.1276 0.114597 -0.114597
 0.0818314 0.127031 -0.135039 -0.00811713 -0.153871 0.105684 0.0487265 -0.0169712 0.126276 -0.0418556 0.0061975 -0.0233632 -0.0052165 -0.0184239 -0.0235284 -0.028792 -0.027787 -0.0268621 0.0470692 -0.0222949 0.0818865 -0.0123902 0.00259297 0.0109473 -9.05814e-05 -0.0401395 -0.031514 -0.0486748 -0.0596158 -0.0570648 -0.000751184 -0.0373034 -0.0520896 0.00259138 -0.0413292 0.0867726 0.0287174 0.00451478 0.0408415 -0.0131363 -0.0282101 -0.0477983 -0.0516506 0.042409 -0.00384197 0.0160787 -0.0445129 0.253128 0.0829738 0.0802395 -0.0802394
 0.0845125 0.123811 -0.160578 0.040664 -0.178546 0.184156 0.0904715 -0.0123509 0.0306319 0.0160211 -0.0791443 0.0388559 0.0131973 0.0241255 0.0533651 -0.0172532 0.00509043 -0.0544166 0.0416635 -0.0116914 0.0178121 -0.042107 0.0672806 -0.0158263 -0.0253949 -0.00269318 -0.0114003 -0.0201728 -0.0196733 -0.028142 -0.0141803 -0.027956 -0.0315488 0.0145653 -0.0175314 0.0151327 0.0805884 0.0198702 -0.0181638 -0.0182499 -0.0254672 -0.00518024 -0.00991163 -0.00750834 -0.00843146 -0.00419774 0.0338015 0.0858793 0.102462 0.112182 -0.112182
 0.0817108 0.131422 -0.162027 0.0348965 -0.195788 0.179942 0.0795793 -0.0167647 0.0298211 0.0193109 -0.0969439 0.0406486 0.00212947 0.0314468 0.0621504 -0.0193176 0.0132581 -0.0546946 0.0430375 -0.0137674 0.00300052 -0.054123 0.0975018 -0.0229182 -0.0313961 -0.00221979 -0.00435842 -0.0227281 -0.0200586 -0.0238964 -0.0250873 -0.030703 -0.0352886 0.0416133 -0.0210252 -0.0101974 0.0868816 0.0341343 -0.0411511 -0.0359855 -0.0429317 -0.0073705 0.0301166 -0.0570963 -0.0235707 0.00470115 0.070788 0.0458755 0.151673 0.162324 -0.162324
 0.0736218 0.151011 -0.134219 -0.0257701 -0.194399 0.0772642 -5.3701e-05 -0.0392001 0.110107 -0.0347957 -0.0152681 -0.00610471 -0.0198647 -0.00730496 -0.00737652 -0.0343754 -0.0107061 -0.0306174 0.00780276 0.00306611 -0.00419968 -0.0244787 0.0289498 0.00711804 -0.00605404 -0.0232431 -0.0100429 -0.0289423 -0.0215887 -0.0154878 -0.00559299 -0.0115363 -0.0398784 0.0111257 -0.000974555 -0.0699703 0.0169557 0.0100384 0.00736727 -0.0175158 -0.00223699 0.0439115 0.0097179 -0.00515233 0.0262392 -0.0347402 0.0147167 -0.132731 -0.0631984 0.00931197 -0.00931195
 0.0639477 0.170454 -0.0996333 -0.0952323 -0.166447 -0.0517265 -0.0763349 -0.0388535 0.124258 -0.0597346 0.0627357 -0.0457553 -0.00515167 0.00409839 0.0119063 0.0150533 0.0279545 -0.00706335 0.00866436 0.022866 0.0467859 0.00320081 -0.00854405 -0.000889407 -0.00538306 -0.0268127 -0.0221825 -0.0183384 -0.0252926 -0.00969981 0.00963875 -0.00356059 -0.0110952 -0.0046472 -0.0106687 0.0200459 -0.00446505 0.0177489 0.06414 -5.52167e-06 -0.0398819 0.00280322 -0.00533925 0.0168737 0.0150875 -0.00499442 -0.0341559 -0.0206193 -0.0777208 -0.0555215 0.0555214
 0.053356 0.18535 -0.0587493 -0.156366 -0.120875 -0.174328 -0.135786 -0.0224486 0.0536398 -0.0412661 0.0866623 -0.0256958 0.0286246 0.0123558 0.0463107 0.0753936 0.0518531 0.018232 -0.0565985 0.0516976 -0.00306924 -0.00622328 -0.0410272 0.0301729 0.0176022 -0.0381014 0.00900106 -0.0213566 -0.0143111 0.0323734 -0.00939629 0.0126316 -0.00587699 -0.0186085 0.0439543 -0.0434308 -0.0309615 -0.0104316 0.0606821 0.00158215 -0.0402467 -0.00248724 -0.0136041 0.018341 0.00210125 0.00259443 -0.00633608 0.0388563 0.000528202 0.0146132 -0.0146132
 0.0505382 0.19138 -0.0597299 -0.161112 -0.13833 -0.186221 -0.155683 -0.0287789 0.0554911 -0.0392655 0.0707397 -0.0374297 0.00544494 0.0225265 0.0516055 0.0733535 0.0583642 0.0303555 -0.0513188 0.0398204 -0.00833055 0.0101002 -0.0321787 0.0110089 0.0105961 -0.048561 0.00353823 -0.0187016 -0.00905543 0.0339858 -0.00548398 -0.00141658 0.00754796 -0.00695783 0.0358572 -0.0453185 -0.0184775 0.0160746 0.0497212 0.00442489 -0.0294321 0.00651989 0.0214379 -0.019432 -0.0136087 0.0106576 0.0174946 -0.065883 0.000235603 -0.0478449 0.0478448
 0.0372542 0.201976 -0.00182424 -0.189502 -0.0153078 -0.201903 -0.0863919 0.0269186 -0.0844729 0.03147 -0.0747511 0.0285969 -0.0286647 -0.00654732 -0.0240646 0.0159113 -0.0279008 0.0198611 0.0869615 -0.152265 0.0966085 0.0079136 -0.0100803 -0.00921165 0.0837158 0.0112718 0.110735 -0.00170232 -0.00931839 -0.0732254 0.0159851 -0.0568481 0.0521376 -0.0280592 -0.134748 0.268102 0.0136362 0.00986566 -0.011885 0.0117187 0.0127547 -0.00264576 0.0102877 -0.00787228 -0.00466965 0.00890382 -0.0111649 -0.0638747 -0.0650462 -0.115689 0.115689
 0.0320685 0.209663 0.00708917 -0.213378 -0.0456431 -0.262341 -0.160748 0.00186669 -0.0699848 0.0147049 -0.0157161 0.0569188 0.0132873 -0.0198907 0.00765314 0.0654506 -0.00368358 0.0654093 -0.167795 0.0394207 -0.174241 -0.00861097 -0.0822418 0.0700696 0.049148 0.0493987 0.149763 0.117757 0.15691 0.119777 -0.0485728 0.0910142 -0.080241 -0.0109837 0.194047 -0.434514 -0.062901 -0.105212 -0.0763117 0.0425697 -0.0222161 -0.0195564 -0.0526432 0.0559241 0.0269995 -0.0130548 -0.0667107 0.17479 -0.036359 0.0743634 -0.0743633
 0.0125613 0.207941 0.0749929 -0.19986 0.0993625 -0.173175 -0.0128588 0.0539489 -0.117179 0.0448025 -0.116306 0.0643206 -0.0278506 -0.0425588 -0.0670233 -0.0260672 -0.033525 0.033004 -0.0147443 -0.0199011 -0.0650232 0.0223029 0.0014655 -0.0190818 -0.0425005 0.0570021 -0.0425225 0.0453441 0.0195183 -0.028044 -0.0204206 -0.0216273 0.0210029 -0.00746849 -0.0242251 -0.0381621 0.028196 0.00945617 -0.0352879 0.000591616 0.117499 0.0168094 0.0528742 -0.0536764 -0.0274575 0.0154243 0.0472161 -0.19124 0.0156141 -0.111293 0.111293
 -0.002853 0.195629 0.0884519 -0.163234 0.134581 -0.091058 0.0585527 0.0592139 -0.0687343 0.0280677 -0.104008 -0.000879739 -0.0468016 -0.00829976 -0.042681 -0.0248319 -0.0240726 0.00552791 0.0578738 -0.0671206 0.0463404 0.0144755 0.0215904 -0.0188069 -0.00989221 0.0177452 -0.0248561 -0.0245137 -0.00429761 -0.0171333 0.0163567 0.00139254 0.0271599 0.00738973 -0.0424289 0.113567 0.0203006 0.0111885 -0.0184636 0.00173953 0.0213409 0.000357984 0.0195313 -0.0143256 -0.0110726 0.00975 0.000897799 -0.0603841 -0.00261252 -0.0525218 0.0525217
 -0.0218714 0.183053 0.121725 -0.121261 0.192568 0.0117245 0.146701 0.0611402 -0.0102112 0.00174287 -0.0687412 -0.0463375 -0.0424729 0.00804776 -0.021715 -0.0381923 0.00770094 -0.00883763 0.0454857 0.00977212 0.0179127 0.0225269 0.0301558 0.00903484 -0.0230013 -0.0125157 -0.0293292 0.0175138 -0.0336901 -0.0172478 0.0417936 0.0046763 0.00827376 0.0286265 -0.0269835 0.0677618 0.020647 0.0209349 -0.00688211 0.000404287 0.0170753 -0.0359828 0.00889147 0.00551874 -0.00159325 0.0205441 -0.0352884 0.10121 0.00549185 0.0569291 -0.056929
 -0.0380985 0.171895 0.141175 -0.0989491 0.225253 0.0642979 0.196899 0.0742329 0.0273519 -0.00750995 -0.0501272 -0.0900797 -0.0395742 0.0289447 0.00673285 -0.0157874 -0.00446733 -0.016703 0.00564787 -0.0148505 0.0311477 0.00400684 0.0144286 -0.011992 -0.0370563 -0.0183309 -0.0457285 -0.00412508 -0.0180655 0.0174507 0.0341059 0.0288879 -0.0287274 0.0101594 -0.00274156 0.0578999 0.0169419 0.00276896 0.0147118 -0.00468954 0.0373529 -0.0156298 0.0076933 0.00542227 0.0237631 -0.00752853 -0.0342307 0.098752 -0.0361051 0.142498 -0.142498
 -0.0566615 0.155426 0.157713 -0.0626255 0.235459 0.119509 0.220134 0.0652955 0.081152 -0.0343697 0.0229422 -0.0874459 0.0173826 0.0176106 0.0351974 0.026251 0.00292144 0.015592 -0.00718218 -0.0305918 -0.00361748 0.00420946 0.0129744 -0.00906275 -0.0371719 -0.004876 -0.0380235 -0.00685164 -0.0303994 -0.00577615 0.0259996 0.030333 -0.0275651 -0.00353927 0.0266223 0.0353597 0.00252132 -0.0142349 0.0304248 -0.00202459 0.0106053 -0.00482008 -0.014612 -0.00584616 -0.0227081 0.01236 0.0330908 0.0475572 0.0970896 -0.00142836 0.00142836
 -0.0781566 0.133643 0.167057 -0.0117173 0.209185 0.168175 0.187722 0.0115444 0.126563 -0.0683886 0.133989 0.0203325 0.138964 -0.0568883 0.0117849 0.0607482 -0.0146329 0.0093775 0.0186 -0.0318049 -0.00208132 -0.0160829 0.0052826 0.0290882 -0.0249803 -0.0261812 -0.0366198 0.0261031 -0.015516 0.0220447 -0.0309443 0.00825382 -0.0179899 -0.0421822 0.0286503 0.036912 -0.0186207 -0.0401927 0.051377 -0.00461912 0.00252364 -0.000678955 0.000332974 -0.011855 -0.0106965 0.00452421 0.01129 -0.0429095 -0.0264465 -0.102955 0.102955
 -0.105738 0.0979277 0.158219 0.0546902 0.111452 0.171394 0.0511217 -0.0876534 0.0992921 -0.0702845 0.188965 0.190504 0.216956 -0.148392 -0.0856151 0.0121212 -0.0605207 -0.121259 -0.0536681 0.184666 0.0769589 -0.114194 -0.112349 0.12017 0.0349102 0.0681569 -0.00504368 -0.004505 0.0708662 -0.0337609 0.021215 0.0311704 -0.0608101 0.00550024 0.0561329 0.00402626 -0.0749086 -0.0508477 0.0382631 0.0108602 -0.103886 0.0149154 -0.0608067 0.068089 0.0420824 -0.0289116 -0.0564257 0.0842338 -0.0488756 0.0576571 -0.0576571
 -0.127635 0.0765364 0.169986 0.074165 0.043487 0.119667 -0.0658553 -0.130453 0.0265413 -0.0322203 0.123329 0.162688 0.112424 -0.0950532 -0.0650969 0.00367764 -0.0212406 -0.0823078 -0.0570449 0.132574 0.0304515 -0.0771178 -0.0474532 0.00834066 0.0480661 0.0648059 -0.0195303 -0.034228 0.00321661 -0.0729397 -0.177834 -0.15618 0.161742 -0.13852 0.0450657 -0.0532398 -0.0795342 -0.039268 -0.0116575 0.010076 -0.078837 0.09709 0.013636 0.00525827 0.034445 -0.0543888 0.0457644 -0.384146 -0.175824 -0.174817 0.174817
 -0.149275 0.0508903 0.19414 0.106954 -0.0359156 0.0798556 -0.186207 -0.175168 -0.0704431 0.0263293 -0.0218062 0.0417089 -0.11348 0.0376611 -0.00335787 -0.0506305 0.0748611 0.0121747 0.0187131 0.0274791 -0.0452295 0.083223 0.0775378 -0.0845739 0.0842145 -0.0321083 -0.0237476 -0.026192 0.0217732 0.00711238 0.0776654 -0.0327147 0.208071 0.250789 -0.155611 -0.0863271 0.0964267 0.3343 -0.187911 0.00455406 0.0310576 -0.0598079 0.134578 -0.102101 -0.0301103 0.0649998 -0.0745515 -0.015512 0.0822771 0.0726399 -0.0726398
 -0.161782 0.0348888 0.179733 0.122089 -0.0554803 0.0653008 -0.177076 -0.145474 -0.0718124 0.0344589 -0.0396393 -0.00276239 -0.138056 0.0547035 0.00959397 -0.0554152 0.0891803 0.0486654 0.115984 0.0311723 -0.0825496 0.141274 0.101239 0.0117272 0.0327643 -0.0324415 0.00117046 -0.0560661 0.0396194 -0.0243768 0.0296372 0.019604 0.0214513 0.0811067 -0.0865559 -0.0180395 0.0270371 -0.07049 -0.00247726 0.00210337 -0.105186 0.0133195 -0.0251395 0.00468138 0.0184694 -0.0192917 0.00633946 0.00972999 -0.0460011 -0.0490459 0.0490458
 -0.173819 0.0166458 0.165677 0.131111 -0.0721285 0.0532831 -0.1684 -0.116744 -0.0609254 0.0401738 -0.051079 -0.0405864 -0.148148 0.0763854 0.0352963 -0.0315835 0.0557875 0.0513542 0.0831043 -0.0235516 -0.0642161 0.111237 0.0840438 -0.00630389 0.0189508 -0.048437 0.00908208 -0.0215693 0.0229365 -0.0193639 0.0131503 0.0560867 -0.129025 -0.0687025 0.00818759 0.0250483 -0.0304443 -0.111211 0.0340674 -0.0025981 -0.0899725 0.0381792 -0.139209 0.086653 0.00897975 -0.0528835 0.0786218 0.100313 0.022147 -0.0742823 0.0742822
 -0.182083 0.00599815 0.170804 0.139628 -0.0684397 0.0893838 -0.160154 -0.0893981 -0.00556199 0.0427249 0.00403064 -0.0220428 -0.0696203 0.0483179 0.0459428 0.0595369 -0.0755471 -0.0428344 -0.168914 -0.100034 0.081406 -0.0587924 -0.011398 -0.166836 0.0467351 -0.0388262 0.000272496 0.0677031 -0.0634533 0.0349063 0.01708 -0.00623601 0.0214734 0.0229636 0.0212216 -0.0107774 0.047863 0.215597 -0.0666202 -0.0190952 0.180546 -0.0576685 0.0357462 -0.0146212 -0.0222934 0.0226412 0.0232059 0.10733 -0.0251684 0.0922917 -0.0922916
 -0.193561 -0.0162507 0.12931 0.13481 -0.0994202 0.0343834 -0.122036 0.0227458 0.0119196 0.0896528 -0.0263785 -0.0742481 -0.0384043 0.00319268 0.0570261 0.0757381 -0.120822 -0.0232158 -0.0160359 -0.0233726 0.020355 0.0265797 8.0683e-06 0.0138746 -0.064309 0.00530557 0.0419815 0.00327726 -0.0232299 0.0193571 -0.000415795 0.0148089 -0.0526925 -0.0338688 0.02916 0.017394 -0.0061935 -0.128608 0.0638072 -0.0163136 -0.007088 0.0771229 -0.105155 0.0841734 0.0230861 -0.0615768 -0.00350189 0.0114779 0.0598921 0.14472 -0.144719
 -0.210305 -0.0588313 0.0474035 0.109053 -0.152522 -0.0977175 -0.0177495 0.27444 0.0504267 0.120034 -0.0535584 -0.110672 0.0362871 -0.0322593 0.046658 0.069123 -0.118798 0.0249246 0.0288486 -0.00665882 -0.0132482 -0.0517405 -0.0359034 -0.00858579 -0.0516902 0.00448396 0.0163633 0.0311139 -0.0189531 0.031579 0.00878378 0.0164179 -0.0470021 -0.0211389 0.031268 0.00276485 0.00978757 -0.0455778 0.0351809 -0.00666873 0.0668604 0.0264736 0.0467078 -0.0335565 -0.0197649 0.000119666 0.0853935 -0.0494311 0.180133 0.144704 -0.144704
 -0.219042 -0.0739515 -0.0042527 0.0799419 -0.117693 -0.118272 0.0566564 0.206487 0.0200193 0.00900201 -0.0289227 -0.0174359 0.0414556 0.0227373 -0.0145451 -0.072349 0.0945857 0.0712023 0.0295541 -0.0366489 -0.0173281 -0.0790056 -0.0730105 0.0209011 -0.0394377 0.0171854 0.00109188 0.00933335 -0.0121335 0.041513 0.0188199 0.0103793 -0.0145171 0.0144563 -0.00286623 -0.00956131 0.0148109 -0.00671164 0.00621231 0.0248023 0.01701 -0.0826235 0.151787 -0.136516 -0.0484791 0.0943103 0.0164049 -0.0513626 0.0454814 -0.0580041 0.058004
 -0.225817 -0.0842879 -0.0494054 0.0483554 -0.0674346 -0.0993063 0.0810414 0.0788452 0.00231441 -0.0571785 -0.0105172 0.030798 0.0354509 0.0340619 -0.0332787 -0.0610788 0.0686958 0.0473178 0.033807 0.0143936 1.62174e-06 -0.0242731 -0.0392805 -0.023715 -0.0304162 0.0282976 0.0459192 -0.0395387 -0.0261794 0.0589723 -9.30756e-05 -0.0114916 -0.0158859 0.00231773 -0.0102936 0.000432151 -0.00345778 -0.0317301 -0.00319899 0.00171835 -0.0682728 -0.0283029 -0.0179869 0.0475646 0.00262732 0.00970111 -0.0286863 0.048554 -0.109872 -0.102542 0.102542
 -0.231657 -0.0941957 -0.0829975 0.02394 -0.024489 -0.0748007 0.0805472 -0.0404713 -0.0218774 -0.0912999 -0.00610184 0.0432973 -0.00160399 0.0508105 -0.0236246 -0.0746448 0.0862243 0.0639154 0.0765048 0.0280103 -0.0144024 -0.00609076 -0.0305841 -0.0107227 -0.0347247 0.0201645 0.0637305 -0.0595387 -0.0144725 0.0481425 -0.00900682 0.00853962 -0.0931746 -0.0791906 0.016388 0.0241417 -0.0288205 -0.065771 0.0276815 0.00679322 -0.0582787 -0.0358635 -0.0541793 0.0333033 -0.0195401 0.0253463 0.0114886 0.0733353 -0.0360402 -0.219393 0.219393
 -0.24086 -0.122331 -0.16339 -0.0352122 0.0153966 -0.0775441 0.0760202 -0.0502486 -4.1703e-05 -0.0273906 -0.0211675 0.0162915 0.030796 -0.00197226 0.00250717 -0.0608053 0.0307904 0.0652738 0.0762882 0.0553035 -0.00662826 0.000532128 -0.0482878 -0.0208833 -0.0661817 0.0449841 0.0916915 -0.0759991 -0.0283634 0.0816589 0.00113393 -0.0203509 -0.00940591 -0.0108536 -0.0202076 -0.00500764 -0.0021259 0.0259778 -0.0260497 -0.00336016 -0.0370583 0.0380515 -0.103132 0.0754258 0.0253807 -0.0201276 -0.0675463 0.0318004 0.0219069 -0.0612076 0.0612075
 -0.248677 -0.144467 -0.21691 -0.0783998 0.0501442 -0.0552552 0.0544464 -0.0388504 0.0244153 -0.00269374 -0.0192167 0.0104758 0.0417299 0.0238744 0.000616052 -0.0242396 -0.0269984 0.0488288 0.0160917 0.0297282 0.033423 -0.044035 -0.0671721 -0.0799698 -0.0764621 0.0474965 0.109596 -0.0517836 -0.0675517 0.108694 -0.0082557 -0.0145328 -0.0316837 -0.0259653 0.00232218 0.00266101 0.0235049 0.0348013 0.000813426 -0.0383373 0.0836966 0.0583519 -0.133658 0.164175 0.0837757 -0.0817668 -0.104195 0.0633637 -0.155549 0.0348574 -0.0348573
 -0.251585 -0.190477 -0.25317 -0.190096 0.0677135 0.0519775 0.00199855 0.00296059 -0.0452726 -0.0337783 0.0188459 -0.0462358 -0.0236028 -0.0556059 -0.0032268 0.0973413 -0.0376668 -0.128106 -0.128704 -0.0880311 0.00487 0.0659368 0.127544 0.138529 0.108405 -0.0901211 -0.18178 0.126596 0.102013 -0.221224 -0.0245708 0.0309656 0.0628493 0.02828 0.0262641 0.011997 -0.0933627 -0.0547321 -0.0397057 0.0465676 -0.260629 0.133462 0.188071 -0.173334 0.00398086 -0.0711218 0.0772698 -0.256506 0.24702 0.506489 -0.506488
 -0.256308 -0.205041 -0.268766 -0.183842 0.0472528 -0.00773067 0.0612162 0.0319869 -0.00678908 -0.000713686 0.0362513 -0.00561208 0.00632009 -0.0474556 -0.00909402 0.064238 -0.0245966 -0.0989583 -0.0791458 -0.0505129 0.00598654 0.00421711 0.0391163 0.0732154 0.0775033 -0.0214779 -0.106013 0.0724167 0.042048 -0.0897474 0.00117077 -0.00636596 0.0569698 0.00910061 0.0116029 -0.00185273 0.0679803 0.0458694 0.0682642 -0.0149019 0.311432 -0.182396 0.0468967 -0.0749528 -0.0686369 0.132097 -0.00912028 0.120544 -0.124652 -0.316813 0.316812

